- M = 1.00 Mo
- log q(H) = -10.0
- log q(He) = -6.0
- X(O) = 0.50
- X(Ne) = 0.030
- Partial distillation
 
    t (Gyr)     Teff      log g        R/Ro      log L/Lo
  --------------------------------------------------------
   0.000000   57001.02   8.606670   0.00823212  -0.192405
   0.000100   56831.50   8.609523   0.00820513  -0.200432
   0.000174   56433.75   8.611145   0.00818981  -0.214255
   0.000264   55687.24   8.612737   0.00817482  -0.238980
   0.000366   54637.86   8.614398   0.00815920  -0.273689
   0.000477   53420.49   8.616018   0.00814399  -0.314452
   0.000598   52107.81   8.617584   0.00812932  -0.359239
   0.000731   50753.13   8.619095   0.00811519  -0.406509
   0.000880   49395.74   8.620546   0.00810165  -0.455054
   0.001049   48051.94   8.621946   0.00808861  -0.504368
   0.001243   46732.97   8.623298   0.00807602  -0.554071
   0.001466   45463.91   8.624589   0.00806403  -0.603188
   0.001730   44241.34   8.625830   0.00805251  -0.651783
   0.002047   43069.76   8.627025   0.00804145  -0.699601
   0.002426   41969.54   8.628161   0.00803094  -0.745690
   0.002886   40941.32   8.629245   0.00802092  -0.789864
   0.003453   39983.38   8.630284   0.00801133  -0.832032
   0.004157   39092.10   8.631283   0.00800212  -0.872193
   0.005039   38261.22   8.632250   0.00799322  -0.910480
   0.006148   37481.69   8.633185   0.00798461  -0.947175
   0.007535   36742.56   8.634092   0.00797628  -0.982680
   0.009257   36032.17   8.634973   0.00796819  -1.017477
   0.011366   35340.32   8.635836   0.00796028  -1.052020
   0.013880   34665.95   8.636676   0.00795259  -1.086329
   0.016814   34007.10   8.637492   0.00794512  -1.120479
   0.020199   33358.22   8.638290   0.00793782  -1.154744
   0.024030   32722.16   8.639068   0.00793072  -1.188966
   0.028322   32096.99   8.639829   0.00792378  -1.223237
   0.033087   31482.03   8.640567   0.00791704  -1.257582
   0.038339   30876.33   8.641283   0.00791052  -1.292046
   0.044028   30285.60   8.641972   0.00790425  -1.326293
   0.050213   29704.40   8.642641   0.00789817  -1.360623
   0.056884   29134.06   8.643288   0.00789228  -1.394950
   0.064007   28577.22   8.643913   0.00788660  -1.429099
   0.071630   28029.78   8.644518   0.00788112  -1.463304
   0.079732   27493.92   8.645100   0.00787583  -1.497419
   0.088280   26971.86   8.645661   0.00787075  -1.531284
   0.097320   26461.01   8.646207   0.00786580  -1.565047
   0.106929   25957.76   8.646743   0.00786095  -1.598940
   0.117005   25468.01   8.647266   0.00785622  -1.632552
   0.127635   24987.86   8.647779   0.00785158  -1.666129
   0.138832   24517.24   8.648278   0.00784707  -1.699657
   0.150550   24058.83   8.648760   0.00784271  -1.732928
   0.162828   23611.25   8.649229   0.00783848  -1.766020
   0.175700   23174.07   8.649687   0.00783435  -1.798943
   0.189228   22745.43   8.650136   0.00783030  -1.831826
   0.203489   22324.31   8.650592   0.00782620  -1.864745
   0.218464   21912.80   8.651052   0.00782205  -1.897526
   0.234219   21508.69   8.651509   0.00781794  -1.930319
   0.250700   21113.86   8.651953   0.00781394  -1.962948
   0.267777   20731.15   8.652373   0.00781016  -1.995145
   0.285773   20353.49   8.652769   0.00780660  -2.027479
   0.304587   19984.02   8.653141   0.00780326  -2.059675
   0.324327   19621.58   8.653501   0.00780003  -2.091830
   0.344915   19268.04   8.653847   0.00779692  -2.123763
   0.366261   18925.29   8.654182   0.00779391  -2.155277
   0.388590   18590.31   8.654509   0.00779098  -2.186628
   0.412092   18260.62   8.654831   0.00778809  -2.218035
   0.436832   17936.10   8.655146   0.00778527  -2.249500
   0.462279   17623.19   8.655443   0.00778261  -2.280370
   0.488958   17315.80   8.655730   0.00778004  -2.311226
   0.517037   17012.76   8.656011   0.00777751  -2.342178
   0.546094   16719.08   8.656286   0.00777506  -2.372702
   0.576468   16431.80   8.656559   0.00777262  -2.403083
   0.608394   16149.52   8.656832   0.00777017  -2.433459
   0.641419   15876.20   8.657092   0.00776785  -2.463371
   0.675694   15610.58   8.657338   0.00776565  -2.492927
   0.711651   15349.82   8.657575   0.00776353  -2.522427
   0.749328   15094.26   8.657805   0.00776147  -2.551824
   0.788736   14844.35   8.658031   0.00775945  -2.581052
   0.828997   14605.45   8.658252   0.00775748  -2.609457
   0.870466   14375.16   8.658472   0.00775551  -2.637287
   0.913699   14150.58   8.658700   0.00775348  -2.664868
   0.956071   13944.00   8.658918   0.00775153  -2.690635
   0.996685   13757.28   8.659120   0.00774973  -2.714256
   1.033365   13597.19   8.659298   0.00774815  -2.734767
   1.065832   13461.75   8.659451   0.00774678  -2.752310
   1.096569   13338.73   8.659590   0.00774553  -2.768398
   1.127709   13219.00   8.659726   0.00774432  -2.784198
   1.157717   13107.91   8.659851   0.00774321  -2.798983
   1.188251   12999.04   8.659971   0.00774214  -2.813591
   1.219153   12892.87   8.660085   0.00774113  -2.827951
   1.250512   12789.05   8.660193   0.00774016  -2.842106
   1.282853   12685.83   8.660299   0.00773922  -2.856289
   1.315292   12586.08   8.660400   0.00773832  -2.870103
   1.349994   12483.42   8.660503   0.00773740  -2.884434
   1.385660   12381.96   8.660605   0.00773650  -2.898713
   1.423790   12277.78   8.660708   0.00773557  -2.913495
   1.462689   12175.75   8.660811   0.00773466  -2.928094
   1.504254   12071.22   8.660918   0.00773371  -2.943179
   1.545675   11971.30   8.661023   0.00773277  -2.957724
   1.590295   11868.06   8.661137   0.00773175  -2.972885
   1.634030   11771.05   8.661250   0.00773075  -2.987255
   1.680717   11671.69   8.661372   0.00772966  -3.002103
   1.728253   11574.69   8.661498   0.00772854  -3.016726
   1.777165   11478.93   8.661628   0.00772738  -3.031288
   1.827941   11383.45   8.661761   0.00772620  -3.045932
   1.881505   11286.75   8.661898   0.00772498  -3.060889
   1.937904   11189.01   8.662038   0.00772374  -3.076137
   1.995753   11092.62   8.662174   0.00772253  -3.091304
   2.056567   10995.27   8.662310   0.00772132  -3.106751
   2.146567   10858.97   8.662492   0.00771970  -3.128602
   2.236567   10737.06   8.662644   0.00771835  -3.148367
   2.326567   10640.81   8.662761   0.00771731  -3.164128
   2.416567   10572.08   8.662848   0.00771654  -3.175471
   2.506567   10532.51   8.662905   0.00771584  -3.182028
   2.596567   10510.34   8.662945   0.00771549  -3.185727
   2.686567   10492.58   8.662980   0.00771518  -3.188700
   2.776567   10483.62   8.663006   0.00771495  -3.190211
   2.866567   10481.06   8.663026   0.00771477  -3.190654
   2.956567   10472.29   8.663052   0.00771454  -3.192135
   3.046567   10467.41   8.663075   0.00771434  -3.192966
   3.136567   10460.37   8.663099   0.00771412  -3.194159
   3.226567   10452.14   8.663124   0.00771390  -3.195552
   3.316567   10445.22   8.663149   0.00771368  -3.196728
   3.406567   10436.23   8.663175   0.00771345  -3.198250
   3.496567   10428.74   8.663200   0.00771323  -3.199522
   3.586567   10423.47   8.663222   0.00771303  -3.200421
   3.676567   10420.43   8.663243   0.00771285  -3.200948
   3.766567   10416.71   8.663264   0.00771266  -3.201590
   3.856567   10413.67   8.663284   0.00771248  -3.202117
   3.946567   10411.70   8.663304   0.00771231  -3.202467
   4.036567   10409.47   8.663323   0.00771213  -3.202858
   4.126567   10403.48   8.663347   0.00771193  -3.203882
   4.216567   10397.83   8.663370   0.00771172  -3.204847
   4.306567   10391.83   8.663393   0.00771151  -3.205874
   4.396567   10385.51   8.663417   0.00771131  -3.206953
   4.486567   10378.79   8.663441   0.00771109  -3.208102
   4.576567   10372.74   8.663464   0.00771088  -3.209138
   4.666567   10366.36   8.663488   0.00771067  -3.210231
   4.756567   10360.15   8.663511   0.00771046  -3.211297
   4.846567   10354.00   8.663535   0.00771025  -3.212350
   4.936567   10349.64   8.663557   0.00771006  -3.213105
   5.026567   10346.99   8.663577   0.00770988  -3.213569
   5.116567   10346.63   8.663595   0.00770972  -3.213648
   5.206567   10343.56   8.663616   0.00770954  -3.214185
   5.296567   10338.53   8.663638   0.00770934  -3.215052
   5.386567   10336.04   8.663659   0.00770916  -3.215491
   5.476567   10331.08   8.663681   0.00770896  -3.216346
   5.566567   10323.13   8.663706   0.00770873  -3.217709
   5.656567   10317.87   8.663729   0.00770853  -3.218618
   5.746567   10310.96   8.663753   0.00770832  -3.219806
   5.836567   10306.45   8.663776   0.00770812  -3.220587
   5.926567   10300.10   8.663799   0.00770791  -3.221682
   6.016567   10295.06   8.663822   0.00770771  -3.222555
   6.106567   10288.60   8.663846   0.00770750  -3.223670
   6.196567   10282.34   8.663869   0.00770729  -3.224751
   6.286567   10281.13   8.663888   0.00770712  -3.224973
   6.376567   10279.08   8.663908   0.00770694  -3.225340
   6.466567   10273.90   8.663931   0.00770674  -3.226238
   6.556567   10271.50   8.663951   0.00770657  -3.226665
   6.646567   10272.84   8.663967   0.00770642  -3.226454
   6.736567   10271.47   8.663986   0.00770625  -3.226704
   6.826567   10266.66   8.664008   0.00770605  -3.227540
   6.916567   10260.00   8.664032   0.00770584  -3.228692
   7.006567   10250.74   8.664059   0.00770561  -3.230287
   7.096567   10245.07   8.664082   0.00770540  -3.231270
   7.186567   10240.97   8.664103   0.00770521  -3.231988
   7.276567   10233.59   8.664128   0.00770499  -3.233265
   7.366567   10228.17   8.664151   0.00770479  -3.234207
   7.456567   10223.35   8.664173   0.00770459  -3.235049
   7.546567   10219.52   8.664195   0.00770440  -3.235721
   7.636567   10219.61   8.664212   0.00770424  -3.235724
   7.726567   10214.14   8.664235   0.00770404  -3.236677
   7.816567   10210.83   8.664256   0.00770386  -3.237260
   7.906567   10206.96   8.664277   0.00770367  -3.237941
   7.996567   10206.91   8.664295   0.00770351  -3.237967
   8.086567   10208.95   8.664311   0.00770337  -3.237636
   8.176567   10204.43   8.664333   0.00770317  -3.238427
   8.266567   10203.20   8.664352   0.00770300  -3.238656
   8.356567   10203.19   8.664370   0.00770284  -3.238676
   8.446567   10199.69   8.664391   0.00770266  -3.239292
   8.536567   10191.28   8.664416   0.00770243  -3.240751
   8.626567   10185.05   8.664440   0.00770222  -3.241837
   8.716567   10182.26   8.664460   0.00770204  -3.242332
   8.806567   10180.68   8.664480   0.00770187  -3.242621
   8.896567   10183.63   8.664495   0.00770174  -3.242133
   8.986567   10183.05   8.664513   0.00770158  -3.242250
   9.076567   10181.25   8.664533   0.00770140  -3.242577
   9.166567   10178.47   8.664553   0.00770122  -3.243072
   9.256567   10183.49   8.664567   0.00770110  -3.242229
   9.346567   10187.43   8.664581   0.00770097  -3.241572
   9.436567   10186.04   8.664600   0.00770080  -3.241828
   9.526567   10179.67   8.664624   0.00770059  -3.242939
   9.616567   10171.46   8.664650   0.00770037  -3.244366
   9.706567   10160.01   8.664678   0.00770012  -3.246351
   9.796567   10145.39   8.664708   0.00769985  -3.248882
   9.886567   10122.77   8.664745   0.00769952  -3.252796
   9.976567   10113.85   8.664771   0.00769929  -3.254354
  10.066570   10102.56   8.664799   0.00769904  -3.256322
  10.156570   10096.24   8.664822   0.00769883  -3.257432
  10.246570   10091.43   8.664844   0.00769864  -3.258282
  10.336570   10072.40   8.664879   0.00769833  -3.261596
  10.426570   10051.57   8.664916   0.00769801  -3.265229
  10.516570   10012.10   8.664968   0.00769754  -3.272117
  10.576570    9935.60   8.665052   0.00769680  -3.285524
  10.650600    9848.70   8.665140   0.00769602  -3.300873
  10.728950    9751.54   8.665238   0.00769533  -3.318212
  10.810930    9653.76   8.665341   0.00769443  -3.335820
  10.895670    9557.50   8.665447   0.00769349  -3.353335
  10.978470    9466.29   8.665552   0.00769255  -3.370098
  11.067660    9370.38   8.665666   0.00769154  -3.387904
  11.158090    9278.45   8.665775   0.00769058  -3.405139
  11.258420    9183.08   8.665883   0.00768962  -3.423195
  11.367770    9089.95   8.665988   0.00768869  -3.441008
  11.488420    8996.90   8.666092   0.00768777  -3.458987
  11.611290    8905.17   8.666190   0.00768690  -3.476887
  11.743040    8813.62   8.666275   0.00768615  -3.494923
  11.871330    8728.65   8.666355   0.00768545  -3.511832
  12.001610    8639.92   8.666434   0.00768475  -3.529660
  12.135570    8554.08   8.666507   0.00768410  -3.547080
  12.269290    8468.86   8.666582   0.00768344  -3.564548
  12.402090    8384.11   8.666654   0.00768280  -3.582092
  12.532820    8298.66   8.666730   0.00768213  -3.599964
  12.667280    8215.24   8.666804   0.00768147  -3.617588
  12.799910    8132.91   8.666881   0.00768080  -3.635163
  12.938020    8047.31   8.666960   0.00768009  -3.653623
  13.066970    7969.99   8.667031   0.00767947  -3.670465
  13.198190    7888.02   8.667104   0.00767882  -3.688498
  13.329720    7807.37   8.667175   0.00767819  -3.706422
  13.461700    7728.15   8.667244   0.00767758  -3.724207
  13.594050    7650.19   8.667312   0.00767698  -3.741890
  13.718810    7574.85   8.667379   0.00767639  -3.759148
  13.829740    7504.98   8.667440   0.00767585  -3.775307
  13.940500    7435.60   8.667500   0.00767532  -3.791501
  14.049550    7368.07   8.667554   0.00767484  -3.807405
  14.163670    7302.72   8.667605   0.00767439  -3.822933
  14.268920    7241.55   8.667650   0.00767400  -3.837590
  14.375510    7180.83   8.667695   0.00767360  -3.852261
  14.479860    7122.88   8.667738   0.00767322  -3.866381
  14.576580    7066.74   8.667780   0.00767284  -3.880170
  14.675920    7013.48   8.667821   0.00767249  -3.893351
  14.768990    6962.02   8.667863   0.00767211  -3.906187
  14.860500    6911.46   8.667906   0.00767173  -3.918893
  14.949910    6864.00   8.667949   0.00767135  -3.930905
  15.040300    6815.46   8.667993   0.00767097  -3.943278
  15.122580    6770.43   8.668039   0.00767056  -3.954840
  15.205120    6724.69   8.668086   0.00767015  -3.966663
  15.284780    6681.97   8.668131   0.00766975  -3.977778
  15.364360    6640.10   8.668176   0.00766935  -3.988744
  15.451830    6598.98   8.668221   0.00766895  -3.999579
  15.531440    6561.50   8.668265   0.00766856  -4.009518
  15.611910    6523.06   8.668309   0.00766817  -4.019770
  15.697960    6486.40   8.668351   0.00766780  -4.029602
  15.776860    6452.22   8.668393   0.00766744  -4.038821
  15.860750    6418.76   8.668432   0.00766709  -4.047893
  15.940210    6386.15   8.668472   0.00766674  -4.056780
  16.024180    6354.17   8.668509   0.00766641  -4.065539
  16.103540    6322.93   8.668547   0.00766607  -4.074141
  16.187610    6291.71   8.668585   0.00766574  -4.082775
  16.265600    6261.30   8.668619   0.00766544  -4.091226
  16.343550    6231.54   8.668653   0.00766514  -4.099537
  16.426080    6202.27   8.668685   0.00766486  -4.107748
  16.503160    6173.59   8.668715   0.00766459  -4.115830
  16.579620    6145.72   8.668745   0.00766433  -4.123720
  16.655630    6118.42   8.668774   0.00766407  -4.131483
  16.735320    6091.69   8.668801   0.00766384  -4.139114
  16.809820    6065.69   8.668828   0.00766360  -4.146574
  16.884310    6039.31   8.668856   0.00766335  -4.154172
  16.957280    6013.44   8.668882   0.00766312  -4.161656
  17.029780    5987.60   8.668909   0.00766288  -4.169163
  17.101720    5961.79   8.668935   0.00766265  -4.176694
  17.173100    5936.05   8.668962   0.00766241  -4.184238
  17.248030    5910.21   8.668989   0.00766218  -4.191842
  17.317100    5884.91   8.669015   0.00766195  -4.199321
  17.385710    5859.42   8.669039   0.00766173  -4.206886
  17.453120    5834.83   8.669063   0.00766152  -4.214215
  17.520560    5810.20   8.669087   0.00766131  -4.221587
  17.586970    5785.93   8.669110   0.00766111  -4.228882
  17.652380    5762.07   8.669134   0.00766090  -4.236087
  17.716610    5738.16   8.669156   0.00766071  -4.243329
  17.779160    5714.72   8.669177   0.00766052  -4.250462
  17.840780    5691.35   8.669198   0.00766033  -4.257603
  17.901440    5667.98   8.669218   0.00766015  -4.264770
  17.961210    5644.53   8.669238   0.00765998  -4.271992
  18.020140    5620.96   8.669257   0.00765981  -4.279281
  18.078230    5597.27   8.669276   0.00765964  -4.286638
  18.135510    5573.38   8.669294   0.00765949  -4.294085
  18.192050    5549.73   8.669311   0.00765933  -4.301489
  18.248270    5525.97   8.669329   0.00765918  -4.308961
  18.303590    5502.35   8.669345   0.00765903  -4.316419
  18.358150    5478.94   8.669361   0.00765889  -4.323839
  18.411840    5455.80   8.669378   0.00765875  -4.331211
  18.464710    5432.85   8.669393   0.00765861  -4.338548
  18.516780    5410.12   8.669408   0.00765848  -4.345847
  18.568010    5387.50   8.669423   0.00765835  -4.353140
  18.618520    5364.98   8.669437   0.00765822  -4.360430
  18.668220    5343.12   8.669451   0.00765810  -4.367536
  18.715660    5321.08   8.669464   0.00765799  -4.374730
  18.763680    5298.45   8.669478   0.00765787  -4.382149
  18.811380    5275.52   8.669492   0.00765774  -4.389696
  18.858470    5252.34   8.669505   0.00765762  -4.397361
  18.905070    5228.81   8.669519   0.00765750  -4.405173
  18.951220    5205.50   8.669531   0.00765740  -4.412947
  18.997790    5180.68   8.669544   0.00765728  -4.421262
  19.042830    5156.21   8.669557   0.00765717  -4.429501
  19.087640    5131.31   8.669569   0.00765706  -4.437923
  19.132100    5106.56   8.669579   0.00765697  -4.446331
  19.176930    5080.49   8.669591   0.00765687  -4.455235
  19.220410    5054.91   8.669601   0.00765678  -4.464012
  19.263650    5029.54   8.669610   0.00765670  -4.472763
  19.307080    5003.16   8.669620   0.00765661  -4.481907
  19.349220    4977.90   8.669630   0.00765652  -4.490712
