- M = 1.00 Mo
- log q(H) = -10.0
- log q(He) = -6.0
- X(O) = 0.50
- X(Ne) = 0.030
- No distillation
 
    t (Gyr)     Teff      log g        R/Ro      log L/Lo
  --------------------------------------------------------
   0.000000   57001.02   8.606670   0.00823212  -0.192405
   0.000100   56831.50   8.609523   0.00820513  -0.200432
   0.000174   56433.75   8.611145   0.00818981  -0.214255
   0.000264   55687.24   8.612737   0.00817482  -0.238980
   0.000366   54637.86   8.614398   0.00815920  -0.273689
   0.000477   53420.49   8.616018   0.00814399  -0.314452
   0.000598   52107.81   8.617584   0.00812932  -0.359239
   0.000731   50753.13   8.619095   0.00811519  -0.406509
   0.000880   49395.74   8.620546   0.00810165  -0.455054
   0.001049   48051.94   8.621946   0.00808861  -0.504368
   0.001243   46732.97   8.623298   0.00807602  -0.554071
   0.001466   45463.91   8.624589   0.00806403  -0.603188
   0.001730   44241.34   8.625830   0.00805251  -0.651783
   0.002047   43069.76   8.627025   0.00804145  -0.699601
   0.002426   41969.54   8.628161   0.00803094  -0.745690
   0.002886   40941.32   8.629245   0.00802092  -0.789864
   0.003453   39983.38   8.630284   0.00801133  -0.832032
   0.004157   39092.10   8.631283   0.00800212  -0.872193
   0.005039   38261.22   8.632250   0.00799322  -0.910480
   0.006148   37481.69   8.633185   0.00798461  -0.947175
   0.007535   36742.56   8.634092   0.00797628  -0.982680
   0.009257   36032.17   8.634973   0.00796819  -1.017477
   0.011366   35340.32   8.635836   0.00796028  -1.052020
   0.013880   34665.95   8.636676   0.00795259  -1.086329
   0.016814   34007.10   8.637492   0.00794512  -1.120479
   0.020199   33358.22   8.638290   0.00793782  -1.154744
   0.024030   32722.16   8.639068   0.00793072  -1.188966
   0.028322   32096.99   8.639829   0.00792378  -1.223237
   0.033087   31482.03   8.640567   0.00791704  -1.257582
   0.038339   30876.33   8.641283   0.00791052  -1.292046
   0.044028   30285.60   8.641972   0.00790425  -1.326293
   0.050213   29704.40   8.642641   0.00789817  -1.360623
   0.056884   29134.06   8.643288   0.00789228  -1.394950
   0.064007   28577.22   8.643913   0.00788660  -1.429099
   0.071630   28029.78   8.644518   0.00788112  -1.463304
   0.079732   27493.92   8.645100   0.00787583  -1.497419
   0.088280   26971.86   8.645661   0.00787075  -1.531284
   0.097320   26461.01   8.646207   0.00786580  -1.565047
   0.106929   25957.76   8.646743   0.00786095  -1.598940
   0.117005   25468.01   8.647266   0.00785622  -1.632552
   0.127635   24987.86   8.647779   0.00785158  -1.666129
   0.138832   24517.24   8.648278   0.00784707  -1.699657
   0.150550   24058.83   8.648760   0.00784271  -1.732928
   0.162828   23611.25   8.649229   0.00783848  -1.766020
   0.175700   23174.07   8.649687   0.00783435  -1.798943
   0.189228   22745.43   8.650136   0.00783030  -1.831826
   0.203489   22324.31   8.650592   0.00782620  -1.864745
   0.218464   21912.80   8.651052   0.00782205  -1.897526
   0.234219   21508.69   8.651509   0.00781794  -1.930319
   0.250700   21113.86   8.651953   0.00781394  -1.962948
   0.267777   20731.15   8.652373   0.00781016  -1.995145
   0.285773   20353.49   8.652769   0.00780660  -2.027479
   0.304587   19984.02   8.653141   0.00780326  -2.059675
   0.324327   19621.58   8.653501   0.00780003  -2.091830
   0.344915   19268.04   8.653847   0.00779692  -2.123763
   0.366261   18925.29   8.654182   0.00779391  -2.155277
   0.388590   18590.31   8.654509   0.00779098  -2.186628
   0.412092   18260.62   8.654831   0.00778809  -2.218035
   0.436832   17936.10   8.655146   0.00778527  -2.249500
   0.462279   17623.19   8.655443   0.00778261  -2.280370
   0.488958   17315.80   8.655730   0.00778004  -2.311226
   0.517037   17012.76   8.656011   0.00777751  -2.342178
   0.546094   16719.08   8.656286   0.00777506  -2.372702
   0.576468   16431.80   8.656559   0.00777262  -2.403083
   0.608394   16149.52   8.656832   0.00777017  -2.433459
   0.641419   15876.20   8.657092   0.00776785  -2.463371
   0.675694   15610.58   8.657338   0.00776565  -2.492927
   0.711651   15349.82   8.657575   0.00776353  -2.522427
   0.749328   15094.26   8.657805   0.00776147  -2.551824
   0.788736   14844.35   8.658031   0.00775945  -2.581052
   0.828997   14605.45   8.658252   0.00775748  -2.609457
   0.870466   14375.16   8.658472   0.00775551  -2.637287
   0.913699   14150.58   8.658700   0.00775348  -2.664868
   0.956071   13944.00   8.658918   0.00775153  -2.690635
   0.996685   13757.28   8.659120   0.00774973  -2.714256
   1.033365   13597.19   8.659298   0.00774815  -2.734767
   1.065832   13461.75   8.659451   0.00774678  -2.752310
   1.096569   13338.73   8.659590   0.00774553  -2.768398
   1.127709   13219.00   8.659726   0.00774432  -2.784198
   1.157717   13107.91   8.659851   0.00774321  -2.798983
   1.188251   12999.04   8.659971   0.00774214  -2.813591
   1.219153   12892.87   8.660085   0.00774113  -2.827951
   1.250512   12789.05   8.660193   0.00774016  -2.842106
   1.282853   12685.83   8.660299   0.00773922  -2.856289
   1.315292   12586.08   8.660400   0.00773832  -2.870103
   1.349994   12483.42   8.660503   0.00773740  -2.884434
   1.385660   12381.96   8.660605   0.00773650  -2.898713
   1.423790   12277.78   8.660708   0.00773557  -2.913495
   1.462689   12175.75   8.660811   0.00773466  -2.928094
   1.504254   12071.22   8.660918   0.00773371  -2.943179
   1.545675   11971.30   8.661023   0.00773277  -2.957724
   1.590295   11868.06   8.661137   0.00773175  -2.972885
   1.634030   11771.05   8.661250   0.00773075  -2.987255
   1.680717   11671.69   8.661372   0.00772966  -3.002103
   1.728253   11574.69   8.661498   0.00772854  -3.016726
   1.777165   11478.93   8.661628   0.00772738  -3.031288
   1.827941   11383.45   8.661761   0.00772620  -3.045932
   1.881505   11286.75   8.661898   0.00772498  -3.060889
   1.937904   11189.01   8.662038   0.00772374  -3.076137
   1.995753   11092.62   8.662174   0.00772253  -3.091304
   2.056567   10995.27   8.662310   0.00772132  -3.106751
   2.119533   10898.41   8.662440   0.00772016  -3.122254
   2.194811   10797.04   8.662558   0.00771912  -3.138604
   2.282919   10697.65   8.662677   0.00771806  -3.154790
   2.383948   10600.53   8.662791   0.00771704  -3.170747
   2.497170   10503.71   8.662904   0.00771604  -3.186798
   2.615242   10408.68   8.663013   0.00771507  -3.202696
   2.740455   10313.79   8.663120   0.00771412  -3.218713
   2.873769   10219.28   8.663227   0.00771317  -3.234812
   3.009375   10125.72   8.663334   0.00771222  -3.250897
   3.149168   10031.93   8.663442   0.00771126  -3.267170
   3.294020    9938.45   8.663551   0.00771029  -3.283542
   3.443176    9837.39   8.663669   0.00770925  -3.301414
   3.592482    9738.47   8.663783   0.00770824  -3.319086
   3.739755    9643.59   8.663894   0.00770725  -3.336206
   3.887351    9548.84   8.664007   0.00770625  -3.353470
   4.043377    9450.50   8.664122   0.00770523  -3.371569
   4.191123    9356.43   8.664229   0.00770428  -3.389055
   4.343174    9260.97   8.664334   0.00770335  -3.406974
   4.498940    9165.13   8.664435   0.00770245  -3.425146
   4.647398    9075.77   8.664526   0.00770164  -3.442259
   4.793239    8986.96   8.664615   0.00770086  -3.459429
   4.950161    8897.05   8.664701   0.00770009  -3.476983
   5.108097    8806.40   8.664786   0.00769934  -3.494857
   5.257574    8718.97   8.664865   0.00769864  -3.512270
   5.413048    8631.91   8.664944   0.00769794  -3.529783
   5.563110    8543.82   8.665024   0.00769723  -3.547682
   5.712317    8458.26   8.665100   0.00769656  -3.565241
   5.858091    8371.52   8.665176   0.00769588  -3.583225
   6.004031    8284.09   8.665251   0.00769522  -3.601537
   6.145217    8200.55   8.665319   0.00769462  -3.619214
   6.290720    8118.70   8.665386   0.00769402  -3.636705
   6.433741    8036.90   8.665456   0.00769341  -3.654367
   6.571252    7957.97   8.665522   0.00769282  -3.671578
   6.705146    7877.85   8.665594   0.00769218  -3.689230
   6.842337    7797.12   8.665668   0.00769153  -3.707196
   6.973082    7718.72   8.665741   0.00769088  -3.724825
   7.097840    7643.84   8.665810   0.00769027  -3.741830
   7.223426    7569.42   8.665877   0.00768968  -3.758891
   7.347582    7497.20   8.665940   0.00768912  -3.775608
   7.461051    7427.52   8.665995   0.00768863  -3.791886
   7.570421    7359.79   8.666045   0.00768819  -3.807849
   7.684505    7294.37   8.666091   0.00768778  -3.823407
   7.789199    7233.02   8.666136   0.00768738  -3.838123
   7.887602    7174.10   8.666177   0.00768702  -3.852372
   7.987247    7115.49   8.666221   0.00768663  -3.866669
   8.084143    7059.13   8.666266   0.00768624  -3.880526
   8.178134    7005.30   8.666310   0.00768584  -3.893869
   8.269928    6953.42   8.666355   0.00768545  -3.906825
   8.359842    6903.35   8.666399   0.00768505  -3.919426
   8.443206    6854.64   8.666445   0.00768465  -3.931772
   8.529857    6807.34   8.666490   0.00768425  -3.943845
   8.609300    6762.73   8.666534   0.00768386  -3.955312
   8.694746    6717.84   8.666580   0.00768346  -3.966926
   8.773872    6675.11   8.666624   0.00768306  -3.978055
   8.857028    6633.52   8.666668   0.00768267  -3.988958
   8.934222    6593.89   8.666712   0.00768229  -3.999410
   9.010832    6555.14   8.666755   0.00768190  -4.009692
   9.089747    6518.87   8.666796   0.00768154  -4.019373
   9.165055    6483.27   8.666838   0.00768118  -4.028927
   9.239992    6448.34   8.666879   0.00768081  -4.038353
   9.318262    6414.95   8.666919   0.00768045  -4.047412
   9.391954    6382.20   8.666958   0.00768011  -4.056343
   9.465613    6350.42   8.666997   0.00767977  -4.065053
   9.539740    6319.15   8.667035   0.00767943  -4.073665
   9.614099    6288.36   8.667073   0.00767910  -4.082190
   9.688563    6258.06   8.667109   0.00767878  -4.090616
   9.763044    6228.24   8.667143   0.00767847  -4.098948
   9.837321    6199.00   8.667176   0.00767818  -4.107155
   9.911216    6170.42   8.667208   0.00767790  -4.115216
   9.984586    6142.50   8.667239   0.00767763  -4.123123
  10.057310    6115.22   8.667268   0.00767737  -4.130886
  10.129340    6088.48   8.667297   0.00767711  -4.138527
  10.200680    6062.15   8.667325   0.00767686  -4.146085
  10.271370    6036.08   8.667353   0.00767662  -4.153599
  10.341470    6010.18   8.667380   0.00767638  -4.161097
  10.411010    5984.33   8.667407   0.00767614  -4.168610
  10.480010    5958.52   8.667435   0.00767590  -4.176147
  10.548440    5932.76   8.667462   0.00767565  -4.183702
  10.616250    5907.11   8.667490   0.00767541  -4.191255
  10.683380    5881.65   8.667516   0.00767518  -4.198785
  10.749750    5856.44   8.667542   0.00767495  -4.206272
  10.815250    5831.55   8.667566   0.00767473  -4.213697
  10.879870    5807.02   8.667591   0.00767452  -4.221044
  10.943580    5782.81   8.667614   0.00767431  -4.228324
  11.006370    5758.92   8.667637   0.00767411  -4.235538
  11.068220    5735.29   8.667660   0.00767391  -4.242704
  11.129140    5711.86   8.667682   0.00767372  -4.249837
  11.189190    5688.51   8.667703   0.00767353  -4.256975
  11.248380    5665.15   8.667724   0.00767334  -4.264143
  11.306780    5641.75   8.667745   0.00767316  -4.271356
  11.364340    5618.22   8.667765   0.00767298  -4.278635
  11.421210    5594.54   8.667784   0.00767281  -4.285991
  11.477410    5570.75   8.667803   0.00767265  -4.293415
  11.532260    5547.26   8.667821   0.00767249  -4.300773
  11.587050    5523.54   8.667839   0.00767233  -4.308234
  11.640720    5500.16   8.667856   0.00767218  -4.315619
  11.693750    5477.60   8.667872   0.00767204  -4.322777
  11.747380    5453.72   8.667888   0.00767189  -4.330383
  11.798780    5431.02   8.667904   0.00767175  -4.337644
  11.851060    5407.72   8.667920   0.00767161  -4.345128
  11.900280    5385.68   8.667934   0.00767148  -4.352239
  11.948750    5363.71   8.667949   0.00767136  -4.359353
  11.996550    5341.72   8.667963   0.00767123  -4.366504
  12.043710    5319.71   8.667977   0.00767111  -4.373690
  12.090190    5297.58   8.667991   0.00767098  -4.380948
  12.136110    5275.25   8.668005   0.00767086  -4.388300
  12.181510    5252.69   8.668019   0.00767074  -4.395757
  12.227030    5229.51   8.668032   0.00767062  -4.403456
  12.273750    5205.50   8.668046   0.00767050  -4.411461
  12.318880    5181.27   8.668059   0.00767038  -4.419581
  12.365020    5155.98   8.668072   0.00767027  -4.428093
  12.410920    5130.63   8.668084   0.00767016  -4.436667
  12.454410    5105.65   8.668096   0.00767006  -4.445158
  12.499480    5079.72   8.668107   0.00766996  -4.454015
  12.543260    5053.65   8.668117   0.00766987  -4.462962
  12.586030    5027.98   8.668127   0.00766978  -4.471820
  12.628550    5002.48   8.668137   0.00766970  -4.480662
  12.671040    4976.28   8.668147   0.00766961  -4.489793
