- M = 1.00 Mo
- log q(H) = -10.0
- log q(He) = -6.0
- X(O) = 0.50
- X(Ne) = 0.040
- No distillation
 
    t (Gyr)     Teff      log g        R/Ro      log L/Lo
  --------------------------------------------------------
   0.000000   57000.99   8.610012   0.00820051  -0.195748
   0.000100   56825.72   8.612840   0.00817384  -0.203926
   0.000175   56421.08   8.614456   0.00815866  -0.217956
   0.000264   55665.71   8.616042   0.00814377  -0.242957
   0.000366   54610.81   8.617694   0.00812830  -0.277845
   0.000477   53388.14   8.619305   0.00811324  -0.318791
   0.000598   52077.24   8.620857   0.00809875  -0.363531
   0.000732   50723.69   8.622359   0.00808476  -0.410781
   0.000881   49367.79   8.623800   0.00807135  -0.459291
   0.001050   48027.09   8.625190   0.00805846  -0.508510
   0.001244   46712.08   8.626532   0.00804601  -0.558081
   0.001470   45439.73   8.627821   0.00803408  -0.607343
   0.001736   44219.90   8.629054   0.00802268  -0.655849
   0.002055   43052.57   8.630240   0.00801174  -0.703509
   0.002437   41957.05   8.631368   0.00800134  -0.749413
   0.002902   40933.70   8.632444   0.00799143  -0.793386
   0.003475   39980.64   8.633475   0.00798195  -0.835342
   0.004188   39094.06   8.634467   0.00797284  -0.875290
   0.005082   38267.49   8.635428   0.00796403  -0.913373
   0.006205   37491.57   8.636357   0.00795551  -0.949889
   0.007612   36755.16   8.637258   0.00794726  -0.985251
   0.009357   36046.57   8.638135   0.00793925  -1.019944
   0.011491   35355.68   8.638993   0.00793141  -1.054421
   0.014033   34681.99   8.639827   0.00792379  -1.088677
   0.016997   34023.00   8.640640   0.00791638  -1.122815
   0.020414   33373.95   8.641434   0.00790914  -1.157069
   0.024290   32735.84   8.642211   0.00790208  -1.191382
   0.028621   32110.04   8.642968   0.00789519  -1.225670
   0.033409   31496.42   8.643700   0.00788854  -1.259921
   0.038662   30894.26   8.644407   0.00788212  -1.294161
   0.044386   30303.38   8.645092   0.00787591  -1.328394
   0.050590   29723.50   8.645755   0.00786990  -1.362621
   0.057282   29154.29   8.646397   0.00786408  -1.396853
   0.064452   28596.56   8.647019   0.00785845  -1.431030
   0.072105   28049.74   8.647619   0.00785303  -1.465169
   0.080216   27515.83   8.648194   0.00784783  -1.499129
   0.088837   26992.06   8.648753   0.00784278  -1.533075
   0.098015   26476.41   8.649300   0.00783784  -1.567129
   0.107653   25974.71   8.649830   0.00783306  -1.600893
   0.117847   25482.53   8.650352   0.00782836  -1.634648
   0.128566   25002.03   8.650862   0.00782376  -1.668226
   0.139861   24530.88   8.651357   0.00781930  -1.701771
   0.151700   24071.58   8.651837   0.00781499  -1.735084
   0.164134   23622.29   8.652304   0.00781079  -1.768281
   0.177163   23184.03   8.652758   0.00780670  -1.801268
   0.190846   22754.95   8.653205   0.00780269  -1.834167
   0.205189   22335.98   8.653655   0.00779864  -1.866901
   0.220269   21926.16   8.654110   0.00779456  -1.899526
   0.236182   21522.76   8.654564   0.00779049  -1.932238
   0.252699   21131.76   8.655001   0.00778657  -1.964524
   0.270152   20745.69   8.655421   0.00778280  -1.996975
   0.288455   20367.01   8.655815   0.00777927  -2.029372
   0.307368   20001.01   8.656181   0.00777600  -2.061238
   0.327334   19639.99   8.656536   0.00777282  -2.093236
   0.348230   19286.96   8.656880   0.00776974  -2.125090
   0.369975   18943.86   8.657212   0.00776677  -2.156604
   0.393037   18604.51   8.657541   0.00776383  -2.188333
   0.416837   18277.35   8.657858   0.00776100  -2.219471
   0.442314   17950.42   8.658173   0.00775819  -2.251140
   0.468519   17635.81   8.658469   0.00775554  -2.282152
   0.495949   17327.71   8.658755   0.00775299  -2.313056
   0.524856   17024.12   8.659035   0.00775049  -2.344041
   0.554916   16729.09   8.659309   0.00774805  -2.374685
   0.586204   16442.27   8.659579   0.00774563  -2.404998
   0.618812   16163.18   8.659848   0.00774324  -2.435006
   0.653076   15889.25   8.660106   0.00774094  -2.464958
   0.689048   15620.72   8.660352   0.00773874  -2.494814
   0.726682   15358.55   8.660588   0.00773664  -2.524453
   0.766292   15101.24   8.660818   0.00773459  -2.554034
   0.806997   14854.50   8.661040   0.00773262  -2.582874
   0.849725   14612.94   8.661261   0.00773065  -2.611577
   0.894681   14376.18   8.661487   0.00772864  -2.640179
   0.939479   14155.97   8.661710   0.00772666  -2.667217
   0.985254   13945.57   8.661931   0.00772469  -2.693451
   1.029612   13754.16   8.662138   0.00772285  -2.717667
   1.069684   13590.62   8.662319   0.00772124  -2.738627
   1.104755   13454.23   8.662472   0.00771988  -2.756303
   1.139200   13326.15   8.662617   0.00771859  -2.773064
   1.172365   13207.93   8.662750   0.00771741  -2.788677
   1.206506   13091.21   8.662880   0.00771625  -2.804227
   1.239720   12982.12   8.662999   0.00771520  -2.818882
   1.273849   12874.38   8.663113   0.00771419  -2.833473
   1.310191   12764.30   8.663226   0.00771318  -2.848504
   1.345187   12662.47   8.663329   0.00771227  -2.862521
   1.381041   12562.14   8.663430   0.00771137  -2.876441
   1.417533   12464.00   8.663528   0.00771050  -2.890164
   1.455884   12364.97   8.663626   0.00770963  -2.904120
   1.498111   12260.51   8.663730   0.00770871  -2.918962
   1.542163   12156.29   8.663834   0.00770778  -2.933896
   1.588922   12050.56   8.663943   0.00770682  -2.949180
   1.636193   11948.42   8.664052   0.00770585  -2.964075
   1.685585   11846.40   8.664166   0.00770484  -2.979086
   1.736287   11746.31   8.664284   0.00770379  -2.993944
   1.786699   11651.09   8.664404   0.00770273  -3.008203
   1.839185   11556.14   8.664529   0.00770162  -3.022543
   1.894077   11461.09   8.664659   0.00770047  -3.037020
   1.952267   11364.66   8.664794   0.00769927  -3.051834
   2.012458   11269.13   8.664930   0.00769806  -3.066634
   2.075629   11173.13   8.665067   0.00769685  -3.081633
   2.143598   11074.19   8.665207   0.00769561  -3.097225
   2.220136   10967.95   8.665354   0.00769431  -3.114117
   2.311969   10867.29   8.665466   0.00769332  -3.130247
   2.417627   10770.21   8.665593   0.00769219  -3.145962
   2.528587   10672.70   8.665710   0.00769115  -3.161879
   2.654129   10574.90   8.665826   0.00769013  -3.177987
   2.787214   10478.77   8.665938   0.00768914  -3.193962
   2.930267   10382.86   8.666048   0.00768816  -3.210046
   3.081018   10286.88   8.666158   0.00768719  -3.226289
   3.233617   10192.72   8.666266   0.00768623  -3.242372
   3.398639   10097.23   8.666377   0.00768525  -3.258833
   3.569054    9997.14   8.666492   0.00768424  -3.276254
   3.733226    9899.67   8.666605   0.00768324  -3.293387
   3.907094    9798.52   8.666724   0.00768218  -3.311349
   4.085866    9698.90   8.666842   0.00768114  -3.329217
   4.255164    9605.02   8.666955   0.00768014  -3.346227
   4.434877    9506.71   8.667073   0.00767909  -3.364218
   4.604352    9413.25   8.667183   0.00767812  -3.381491
   4.773984    9321.37   8.667288   0.00767719  -3.398636
   4.956316    9228.71   8.667391   0.00767629  -3.416093
   5.133253    9136.68   8.667489   0.00767542  -3.433601
   5.308420    9046.94   8.667581   0.00767461  -3.450839
   5.492399    8952.93   8.667675   0.00767378  -3.469080
   5.677546    8859.28   8.667765   0.00767298  -3.487437
   5.862044    8766.39   8.667851   0.00767222  -3.505833
   6.033649    8677.45   8.667933   0.00767150  -3.523630
   6.197824    8592.57   8.668010   0.00767082  -3.540783
   6.368576    8505.06   8.668089   0.00767012  -3.558646
   6.529473    8418.48   8.668166   0.00766944  -3.576497
   6.681209    8335.83   8.668237   0.00766881  -3.593707
   6.838967    8253.81   8.668307   0.00766820  -3.610954
   6.994396    8169.21   8.668377   0.00766758  -3.628923
   7.149169    8086.07   8.668446   0.00766696  -3.646763
   7.288417    8007.31   8.668513   0.00766638  -3.663833
   7.430268    7928.86   8.668580   0.00766578  -3.681004
   7.574063    7852.29   8.668649   0.00766518  -3.697929
   7.714291    7776.30   8.668720   0.00766455  -3.714895
   7.849837    7701.72   8.668788   0.00766395  -3.731702
   7.987575    7627.02   8.668857   0.00766334  -3.748703
   8.118210    7552.21   8.668923   0.00766276  -3.765892
   8.244348    7480.69   8.668982   0.00766224  -3.782480
   8.365461    7412.86   8.669034   0.00766177  -3.798356
   8.485025    7346.12   8.669083   0.00766135  -3.814116
   8.598479    7283.47   8.669127   0.00766096  -3.829040
   8.706791    7219.87   8.669172   0.00766056  -3.844320
   8.810555    7159.57   8.669217   0.00766016  -3.858936
   8.911227    7100.01   8.669261   0.00765977  -3.873492
   9.006631    7045.09   8.669305   0.00765939  -3.887023
   9.094960    6992.18   8.669350   0.00765899  -3.900166
   9.176245    6942.37   8.669392   0.00765862  -3.912628
   9.263591    6893.42   8.669436   0.00765823  -3.924962
   9.346067    6845.97   8.669481   0.00765784  -3.937007
   9.428495    6797.10   8.669528   0.00765742  -3.949500
   9.511661    6752.55   8.669572   0.00765704  -3.960966
   9.591174    6708.48   8.669617   0.00765664  -3.972387
   9.674233    6665.60   8.669661   0.00765625  -3.983570
   9.751161    6624.86   8.669705   0.00765586  -3.994264
   9.832018    6585.21   8.669748   0.00765548  -4.004736
   9.907147    6547.45   8.669791   0.00765510  -4.014767
   9.986283    6510.52   8.669833   0.00765473  -4.024636
  10.059480    6475.13   8.669874   0.00765437  -4.034147
  10.132470    6441.05   8.669914   0.00765402  -4.043354
  10.205740    6407.83   8.669954   0.00765367  -4.052377
  10.279130    6375.42   8.669993   0.00765332  -4.061223
  10.352730    6343.70   8.670032   0.00765298  -4.069927
  10.426530    6312.56   8.670069   0.00765265  -4.078513
  10.500540    6281.87   8.670106   0.00765232  -4.087016
  10.578970    6251.57   8.670142   0.00765201  -4.095451
  10.652240    6221.96   8.670175   0.00765172  -4.103733
  10.725260    6192.69   8.670208   0.00765143  -4.111957
  10.797650    6164.60   8.670238   0.00765116  -4.119884
  10.870310    6136.83   8.670269   0.00765089  -4.127757
  10.941990    6109.46   8.670298   0.00765063  -4.135552
  11.012310    6082.89   8.670327   0.00765038  -4.143153
  11.082060    6056.66   8.670355   0.00765014  -4.150689
  11.147140    6030.91   8.670382   0.00764990  -4.158117
  11.216450    6004.97   8.670409   0.00764966  -4.165631
  11.285180    5979.23   8.670436   0.00764942  -4.173122
  11.353630    5953.38   8.670463   0.00764918  -4.180673
  11.421420    5927.65   8.670491   0.00764894  -4.188227
  11.488590    5902.04   8.670518   0.00764870  -4.195774
  11.555040    5876.63   8.670544   0.00764847  -4.203297
  11.620700    5851.48   8.670569   0.00764825  -4.210770
  11.685500    5826.68   8.670593   0.00764804  -4.218173
  11.749430    5802.21   8.670617   0.00764783  -4.225509
  11.812440    5778.08   8.670640   0.00764762  -4.232773
  11.874510    5754.25   8.670663   0.00764742  -4.239973
  11.935660    5730.67   8.670685   0.00764723  -4.247128
  11.995910    5707.25   8.670707   0.00764704  -4.254265
  12.055280    5683.93   8.670728   0.00764685  -4.261399
  12.113760    5660.60   8.670749   0.00764667  -4.268564
  12.171440    5637.17   8.670769   0.00764649  -4.275791
  12.228400    5613.58   8.670789   0.00764631  -4.283096
  12.284660    5589.84   8.670808   0.00764615  -4.290475
  12.340220    5566.06   8.670827   0.00764598  -4.297900
  12.395040    5542.30   8.670844   0.00764583  -4.305351
  12.449210    5519.27   8.670861   0.00764568  -4.312601
  12.500800    5496.38   8.670877   0.00764554  -4.319837
  12.553140    5473.17   8.670894   0.00764539  -4.327203
  12.605030    5450.13   8.670910   0.00764525  -4.334548
  12.656170    5427.30   8.670925   0.00764511  -4.341854
  12.706580    5404.64   8.670940   0.00764498  -4.349140
  12.755710    5382.37   8.670955   0.00764485  -4.356326
  12.803570    5360.38   8.670969   0.00764473  -4.363453
  12.850840    5338.44   8.670983   0.00764460  -4.370591
  12.897100    5316.53   8.670997   0.00764448  -4.377749
  12.944390    5293.69   8.671012   0.00764435  -4.385243
  12.989690    5271.36   8.671025   0.00764423  -4.392602
  13.036950    5247.89   8.671039   0.00764411  -4.400366
  13.081940    5224.44   8.671053   0.00764399  -4.408159
  13.127600    5200.21   8.671066   0.00764387  -4.416248
  13.173140    5175.46   8.671080   0.00764376  -4.424549
  13.218330    5150.69   8.671092   0.00764365  -4.432897
  13.263200    5125.01   8.671104   0.00764354  -4.441589
  13.308060    5099.31   8.671116   0.00764344  -4.450337
  13.351710    5073.37   8.671127   0.00764334  -4.459207
  13.395810    5046.86   8.671137   0.00764325  -4.468318
  13.438150    5021.10   8.671146   0.00764317  -4.477217
  13.480110    4995.28   8.671156   0.00764308  -4.486182
