- M = 1.05 Mo
- log q(H) = -6.0
- log q(He) = -3.0
- X(O) from Bauer (2023)
- X(Ne) = 0.030
- No distillation
 
    t (Gyr)     Teff      log g        R/Ro      log L/Lo
  --------------------------------------------------------
   0.000000   62001.17   8.677286   0.00777675  -0.095763
   0.000100   61752.84   8.680286   0.00774994  -0.105734
   0.000186   61163.08   8.682699   0.00772844  -0.124818
   0.000279   60248.89   8.684774   0.00771000  -0.153054
   0.000380   59127.67   8.686691   0.00769300  -0.187604
   0.000490   57892.99   8.688500   0.00767699  -0.226073
   0.000612   56604.31   8.690221   0.00766180  -0.266899
   0.000750   55303.84   8.691862   0.00764734  -0.308917
   0.000908   54007.99   8.693431   0.00763353  -0.351676
   0.001095   52726.42   8.694945   0.00762024  -0.394908
   0.001316   51491.74   8.696381   0.00760766  -0.437507
   0.001581   50313.50   8.697740   0.00759576  -0.479078
   0.001901   49202.27   8.699017   0.00758460  -0.519153
   0.002294   48166.21   8.700223   0.00757408  -0.557329
   0.002783   47200.89   8.701370   0.00756408  -0.593645
   0.003397   46301.39   8.702467   0.00755453  -0.628167
   0.004172   45464.81   8.703524   0.00754535  -0.660899
   0.005152   44674.39   8.704551   0.00753643  -0.692393
   0.006377   43918.99   8.705555   0.00752773  -0.723022
   0.007887   43181.48   8.706532   0.00751926  -0.753418
   0.009671   42464.49   8.707474   0.00751111  -0.783447
   0.011715   41762.41   8.708384   0.00750325  -0.813318
   0.014012   41071.54   8.709273   0.00749557  -0.843185
   0.016551   40388.97   8.710147   0.00748804  -0.873172
   0.019330   39711.56   8.711007   0.00748063  -0.903415
   0.022333   39041.23   8.711851   0.00747336  -0.933833
   0.025549   38377.91   8.712676   0.00746626  -0.964427
   0.028956   37724.11   8.713473   0.00745942  -0.995074
   0.032555   37078.50   8.714247   0.00745277  -1.025835
   0.036351   36440.64   8.715006   0.00744626  -1.056738
   0.040323   35813.14   8.715744   0.00743994  -1.087651
   0.044480   35194.87   8.716462   0.00743378  -1.118622
   0.048846   34582.55   8.717162   0.00742780  -1.149810
   0.053355   33984.83   8.717828   0.00742211  -1.180763
   0.058070   33394.17   8.718471   0.00741661  -1.211865
   0.062989   32811.76   8.719095   0.00741129  -1.243053
   0.068089   32241.00   8.719700   0.00740613  -1.274142
   0.073396   31679.76   8.720292   0.00740108  -1.305241
   0.078883   31131.47   8.720873   0.00739614  -1.336150
   0.084606   30590.57   8.721436   0.00739134  -1.367163
   0.090551   30058.90   8.721976   0.00738675  -1.398159
   0.096684   29539.80   8.722491   0.00738237  -1.428937
   0.103075   29028.16   8.722991   0.00737812  -1.459789
   0.109717   28525.71   8.723479   0.00737397  -1.490610
   0.116712   28026.82   8.723975   0.00736976  -1.521757
   0.123964   27539.45   8.724476   0.00736551  -1.552731
   0.131501   27062.34   8.724975   0.00736129  -1.583590
   0.139343   26594.76   8.725466   0.00735713  -1.614358
   0.147499   26136.47   8.725940   0.00735311  -1.645029
   0.155966   25687.75   8.726391   0.00734929  -1.675564
   0.164721   25249.79   8.726819   0.00734567  -1.705865
   0.173769   24822.62   8.727237   0.00734214  -1.735923
   0.183196   24402.19   8.727649   0.00733866  -1.766010
   0.193054   23986.78   8.728055   0.00733523  -1.796244
   0.203312   23578.46   8.728453   0.00733187  -1.826468
   0.213916   23179.71   8.728841   0.00732860  -1.856485
   0.225007   22785.73   8.729219   0.00732540  -1.886644
   0.236528   22399.31   8.729588   0.00732229  -1.916726
   0.248513   22019.84   8.729950   0.00731924  -1.946770
   0.260817   21651.84   8.730301   0.00731629  -1.976398
   0.273672   21288.80   8.730647   0.00731337  -2.006119
   0.287044   20932.13   8.730988   0.00731050  -2.035810
   0.300924   20582.30   8.731315   0.00730775  -2.065416
   0.315239   20240.91   8.731618   0.00730520  -2.094774
   0.330185   19903.92   8.731904   0.00730280  -2.124226
   0.345865   19570.04   8.732182   0.00730046  -2.153891
   0.361903   19247.51   8.732450   0.00729821  -2.183028
   0.378736   18928.09   8.732724   0.00729591  -2.212374
   0.396527   18609.98   8.733013   0.00729348  -2.242106
   0.414746   18302.82   8.733312   0.00729097  -2.271316
   0.434032   17996.21   8.733622   0.00728837  -2.300974
   0.454023   17696.14   8.733931   0.00728578  -2.330493
   0.474375   17407.17   8.734226   0.00728330  -2.359389
   0.495823   17118.95   8.734509   0.00728093  -2.388677
   0.517734   16839.82   8.734765   0.00727878  -2.417491
   0.540586   16563.85   8.734998   0.00727683  -2.446429
   0.564173   16293.93   8.735211   0.00727504  -2.475185
   0.589210   16022.90   8.735418   0.00727331  -2.504530
   0.614485   15763.90   8.735614   0.00727167  -2.533036
   0.641317   15504.00   8.735816   0.00726998  -2.562117
   0.671894   15234.02   8.736038   0.00726812  -2.592857
   0.706521   14970.73   8.736274   0.00726615  -2.623378
   0.746191   14719.73   8.736520   0.00726409  -2.652997
   0.789597   14485.18   8.736768   0.00726201  -2.681149
   0.835769   14262.26   8.737013   0.00725997  -2.708335
   0.881706   14058.88   8.737232   0.00725814  -2.733505
   0.925228   13875.15   8.737422   0.00725655  -2.756548
   0.963318   13717.72   8.737580   0.00725523  -2.776529
   0.997043   13581.06   8.737714   0.00725411  -2.794056
   1.029263   13453.89   8.737839   0.00725307  -2.810524
   1.061681   13331.67   8.737958   0.00725207  -2.826497
   1.092649   13218.37   8.738070   0.00725114  -2.841435
   1.124827   13103.88   8.738183   0.00725019  -2.856660
   1.156152   12992.90   8.738293   0.00724928  -2.871546
   1.187730   12882.93   8.738404   0.00724835  -2.886421
   1.220117   12773.94   8.738514   0.00724743  -2.901291
   1.253115   12666.89   8.738625   0.00724651  -2.916021
   1.286501   12562.50   8.738734   0.00724560  -2.930506
   1.322046   12453.85   8.738849   0.00724464  -2.945711
   1.358941   12343.36   8.738966   0.00724366  -2.961309
   1.397460   12230.64   8.739087   0.00724265  -2.977367
   1.436866   12119.40   8.739207   0.00724165  -2.993360
   1.475463   12009.77   8.739325   0.00724067  -3.009262
   1.514132   11901.78   8.739445   0.00723967  -3.025074
   1.556046   11795.41   8.739564   0.00723868  -3.040788
   1.598358   11691.50   8.739684   0.00723768  -3.056279
   1.645163   11582.29   8.739810   0.00723663  -3.072709
   1.693862   11474.02   8.739937   0.00723557  -3.089150
   1.740834   11366.54   8.740061   0.00723454  -3.105623
   1.792009   11254.68   8.740187   0.00723349  -3.122931
   1.842250   11144.55   8.740310   0.00723247  -3.140136
   1.893399   11031.78   8.740434   0.00723144  -3.157927
   1.950013   10916.17   8.740556   0.00723041  -3.176351
   2.005034   10803.46   8.740673   0.00722944  -3.194498
   2.060860   10688.83   8.740788   0.00722848  -3.213144
   2.121290   10574.53   8.740901   0.00722755  -3.231933
   2.180571   10460.72   8.741011   0.00722663  -3.250841
   2.243444   10346.94   8.741121   0.00722571  -3.269949
   2.304107   10235.75   8.741228   0.00722483  -3.288825
   2.365841   10122.62   8.741336   0.00722393  -3.308240
   2.428302   10011.11   8.741442   0.00722304  -3.327589
   2.492425    9898.33   8.741550   0.00722215  -3.347378
   2.556165    9789.58   8.741652   0.00722129  -3.366672
   2.621651    9680.48   8.741756   0.00722044  -3.386244
   2.687707    9573.09   8.741858   0.00721959  -3.405726
   2.755040    9466.00   8.741961   0.00721873  -3.425370
   2.824669    9357.03   8.742066   0.00721785  -3.445591
   2.895523    9248.11   8.742173   0.00721697  -3.466037
   2.962442    9142.52   8.742279   0.00721609  -3.486091
   3.028154    9038.95   8.742383   0.00721522  -3.505988
   3.100017    8933.94   8.742489   0.00721434  -3.526393
   3.173152    8830.75   8.742593   0.00721347  -3.546679
   3.243272    8728.60   8.742695   0.00721263  -3.566994
   3.317069    8627.61   8.742793   0.00721182  -3.587306
   3.387713    8529.34   8.742885   0.00721105  -3.607300
   3.458414    8431.86   8.742973   0.00721032  -3.627357
   3.534430    8334.28   8.743059   0.00720961  -3.647662
   3.606919    8239.01   8.743142   0.00720892  -3.667717
   3.679943    8143.69   8.743224   0.00720824  -3.688015
   3.752072    8051.46   8.743304   0.00720758  -3.707881
   3.824000    7961.21   8.743383   0.00720692  -3.727542
   3.897191    7870.75   8.743464   0.00720625  -3.747475
   3.970254    7782.01   8.743545   0.00720558  -3.767255
   4.042323    7696.16   8.743625   0.00720491  -3.786605
   4.112042    7614.98   8.743703   0.00720427  -3.805105
   4.177948    7535.40   8.743781   0.00720362  -3.823432
   4.245597    7458.89   8.743857   0.00720299  -3.841237
   4.309061    7384.97   8.743932   0.00720236  -3.858614
   4.371800    7312.57   8.744008   0.00720174  -3.875804
   4.433307    7243.45   8.744082   0.00720112  -3.892376
   4.493343    7175.68   8.744156   0.00720051  -3.908781
   4.551127    7112.27   8.744228   0.00719991  -3.924272
   4.606390    7052.72   8.744297   0.00719934  -3.938948
   4.657872    6994.34   8.744367   0.00719876  -3.953455
   4.713172    6935.76   8.744438   0.00719817  -3.968138
   4.767951    6878.89   8.744508   0.00719759  -3.982510
   4.821918    6823.62   8.744578   0.00719701  -3.996595
   4.870865    6770.98   8.744646   0.00719645  -4.010116
   4.923199    6718.65   8.744716   0.00719586  -4.023665
   4.974420    6668.57   8.744786   0.00719529  -4.036732
   5.020772    6621.04   8.744854   0.00719473  -4.049225
   5.070123    6574.44   8.744923   0.00719415  -4.061565
   5.115168    6530.20   8.744991   0.00719359  -4.073361
   5.163003    6487.25   8.745059   0.00719303  -4.084892
   5.208021    6445.29   8.745126   0.00719247  -4.096231
   5.257775    6402.95   8.745196   0.00719190  -4.107752
   5.303096    6363.34   8.745262   0.00719135  -4.118598
   5.354180    6322.61   8.745331   0.00719078  -4.129822
   5.402076    6283.80   8.745398   0.00719022  -4.140585
   5.453123    6246.66   8.745466   0.00718966  -4.150951
   5.503521    6209.83   8.745536   0.00718908  -4.161294
   5.555797    6175.92   8.745605   0.00718850  -4.170875
   5.607837    6142.40   8.745678   0.00718791  -4.180403
   5.661282    6111.71   8.745748   0.00718733  -4.189173
   5.715522    6082.03   8.745818   0.00718675  -4.197699
   5.769369    6052.36   8.745889   0.00718616  -4.206267
   5.827907    6022.88   8.745960   0.00718557  -4.214820
   5.886849    5994.05   8.746031   0.00718499  -4.223225
   5.946074    5965.90   8.746099   0.00718442  -4.231473
   6.005305    5938.44   8.746166   0.00718386  -4.239552
   6.062312    5912.72   8.746230   0.00718334  -4.247156
   6.120203    5887.15   8.746293   0.00718281  -4.254749
   6.177033    5862.61   8.746355   0.00718231  -4.262068
   6.234028    5838.44   8.746416   0.00718180  -4.269305
   6.289680    5815.25   8.746475   0.00718131  -4.276278
   6.347007    5791.60   8.746536   0.00718081  -4.283419
   6.403125    5769.22   8.746594   0.00718033  -4.290200
   6.456323    5747.37   8.746650   0.00717987  -4.296849
   6.509481    5725.56   8.746705   0.00717941  -4.303510
   6.561333    5704.06   8.746758   0.00717897  -4.310097
   6.613238    5682.18   8.746810   0.00717854  -4.316826
   6.663692    5660.43   8.746860   0.00717812  -4.323539
   6.714616    5638.38   8.746909   0.00717772  -4.330367
   6.764893    5615.37   8.746959   0.00717731  -4.337523
   6.813247    5592.84   8.747005   0.00717693  -4.344552
   6.860001    5570.53   8.747049   0.00717656  -4.351540
   6.907429    5547.70   8.747094   0.00717620  -4.358719
   6.952158    5525.06   8.747136   0.00717585  -4.365863
   6.996360    5502.26   8.747178   0.00717550  -4.373090
   7.039418    5479.44   8.747219   0.00717516  -4.380352
