- M = 1.05 Mo
- log q(H) = -10.0
- log q(He) = -6.0
- X(O) = 0.50
- X(Ne) = 0.025
- Partial distillation
 
    t (Gyr)     Teff      log g        R/Ro      log L/Lo
  --------------------------------------------------------
   0.000000   62001.03   8.689245   0.00767041  -0.107726
   0.000100   61591.16   8.692908   0.00763813  -0.122911
   0.000161   61035.21   8.694634   0.00762297  -0.140389
   0.000233   60083.14   8.696299   0.00760837  -0.169365
   0.000313   58864.62   8.697932   0.00759408  -0.206591
   0.000400   57492.02   8.699498   0.00758041  -0.249144
   0.000495   56031.58   8.701007   0.00756724  -0.295352
   0.000600   54541.54   8.702460   0.00755460  -0.343626
   0.000718   53054.80   8.703857   0.00754245  -0.393035
   0.000852   51590.39   8.705205   0.00753076  -0.443006
   0.001007   50159.88   8.706506   0.00751948  -0.493157
   0.001189   48781.68   8.707756   0.00750867  -0.542806
   0.001404   47458.39   8.708959   0.00749828  -0.591784
   0.001662   46204.29   8.710107   0.00748838  -0.639454
   0.001975   45031.47   8.711192   0.00747903  -0.685204
   0.002358   43941.05   8.712221   0.00747017  -0.728816
   0.002834   42931.84   8.713203   0.00746173  -0.770161
   0.003435   41999.58   8.714146   0.00745364  -0.809242
   0.004198   41136.99   8.715058   0.00744582  -0.846204
   0.005171   40333.05   8.715949   0.00743818  -0.881382
   0.006405   39573.12   8.716827   0.00743067  -0.915302
   0.007954   38841.41   8.717685   0.00742333  -0.948581
   0.009866   38125.25   8.718523   0.00741617  -0.981748
   0.012170   37419.31   8.719342   0.00740918  -1.015035
   0.014865   36725.99   8.720138   0.00740239  -1.048321
   0.017963   36042.97   8.720917   0.00739576  -1.081711
   0.021502   35365.26   8.721681   0.00738926  -1.115450
   0.025488   34694.69   8.722428   0.00738290  -1.149453
   0.029875   34039.62   8.723150   0.00737677  -1.183288
   0.034717   33392.95   8.723855   0.00737079  -1.217312
   0.040000   32757.05   8.724533   0.00736504  -1.251390
   0.045731   32132.25   8.725193   0.00735944  -1.285505
   0.051922   31518.06   8.725835   0.00735400  -1.319673
   0.058551   30916.96   8.726455   0.00734875  -1.353745
   0.065624   30328.28   8.727054   0.00734369  -1.387739
   0.073111   29753.80   8.727629   0.00733883  -1.421535
   0.081076   29188.99   8.728181   0.00733417  -1.455381
   0.089504   28635.81   8.728712   0.00732968  -1.489151
   0.098354   28096.97   8.729224   0.00732536  -1.522663
   0.107705   27568.28   8.729724   0.00732115  -1.556162
   0.117517   27052.44   8.730212   0.00731703  -1.589463
   0.127872   26545.97   8.730695   0.00731297  -1.622777
   0.138773   26049.46   8.731164   0.00730902  -1.656045
   0.150309   25559.47   8.731619   0.00730519  -1.689488
   0.162438   25079.62   8.732061   0.00730147  -1.722854
   0.175034   24614.73   8.732488   0.00729789  -1.755784
   0.188259   24159.66   8.732907   0.00729437  -1.788620
   0.202110   23714.97   8.733325   0.00729086  -1.821311
   0.216541   23283.13   8.733749   0.00728730  -1.853660
   0.231872   22855.04   8.734182   0.00728367  -1.886331
   0.248041   22433.97   8.734612   0.00728006  -1.919064
   0.264730   22027.33   8.735021   0.00727664  -1.951250
   0.282249   21627.60   8.735410   0.00727338  -1.983453
   0.300471   21238.02   8.735768   0.00727038  -2.015388
   0.319535   20856.47   8.736109   0.00726753  -2.047222
   0.339430   20483.90   8.736439   0.00726476  -2.078865
   0.360268   20118.73   8.736761   0.00726207  -2.110435
   0.382157   19760.28   8.737076   0.00725944  -2.141979
   0.404794   19413.64   8.737380   0.00725691  -2.173028
   0.428521   19073.51   8.737677   0.00725442  -2.204031
   0.453258   18741.40   8.737963   0.00725203  -2.234831
   0.479130   18415.82   8.738241   0.00724971  -2.265554
   0.506124   18097.45   8.738512   0.00724745  -2.296119
   0.534263   17786.30   8.738776   0.00724525  -2.326510
   0.564037   17478.09   8.739039   0.00724305  -2.357140
   0.594848   17179.57   8.739297   0.00724090  -2.387324
   0.627247   16885.88   8.739550   0.00723879  -2.417531
   0.661097   16598.53   8.739785   0.00723684  -2.447583
   0.696042   16320.67   8.740001   0.00723504  -2.477125
   0.732370   16050.21   8.740205   0.00723334  -2.506359
   0.770834   15782.42   8.740406   0.00723166  -2.535788
   0.811086   15520.60   8.740607   0.00722999  -2.565049
   0.852764   15267.36   8.740811   0.00722830  -2.593832
   0.895959   15022.31   8.741024   0.00722652  -2.622154
   0.940975   14783.89   8.741248   0.00722466  -2.650170
   0.987023   14555.95   8.741473   0.00722279  -2.677387
   1.033926   14338.51   8.741692   0.00722097  -2.703751
   1.080766   14134.57   8.741898   0.00721926  -2.728843
   1.126186   13948.18   8.742083   0.00721772  -2.752089
   1.168780   13782.49   8.742243   0.00721638  -2.773009
   1.206194   13643.54   8.742373   0.00721530  -2.790741
   1.241805   13516.76   8.742487   0.00721436  -2.807073
   1.276490   13398.13   8.742590   0.00721350  -2.822489
   1.310551   13286.06   8.742685   0.00721271  -2.837177
   1.345240   13176.28   8.742777   0.00721195  -2.851682
   1.381246   13066.66   8.742867   0.00721120  -2.866286
   1.417146   12961.52   8.742954   0.00721048  -2.880406
   1.453905   12857.97   8.743041   0.00720976  -2.894428
   1.490806   12757.82   8.743126   0.00720905  -2.908096
   1.529470   12656.77   8.743215   0.00720831  -2.922001
   1.568849   12557.75   8.743306   0.00720756  -2.935735
   1.611081   12455.62   8.743404   0.00720674  -2.950020
   1.654370   12354.99   8.743506   0.00720590  -2.964212
   1.700332   12252.30   8.743617   0.00720498  -2.978823
   1.746531   12153.09   8.743732   0.00720402  -2.993062
   1.826531   11992.95   8.743931   0.00720237  -3.016304
   1.906531   11857.23   8.744110   0.00720089  -3.036252
   1.986531   11750.84   8.744254   0.00719970  -3.052054
   2.066531   11682.38   8.744351   0.00719889  -3.062301
   2.146531   11648.23   8.744408   0.00719825  -3.067428
   2.226531   11625.83   8.744453   0.00719788  -3.070816
   2.306531   11613.81   8.744486   0.00719760  -3.072647
   2.386531   11602.29   8.744518   0.00719733  -3.074403
   2.466531   11593.06   8.744548   0.00719708  -3.075815
   2.546531   11581.91   8.744581   0.00719682  -3.077520
   2.626531   11573.59   8.744610   0.00719658  -3.078797
   2.706531   11562.85   8.744642   0.00719631  -3.080442
   2.786531   11552.21   8.744673   0.00719605  -3.082072
   2.866531   11546.77   8.744699   0.00719584  -3.082916
   2.946531   11539.55   8.744726   0.00719562  -3.084030
   3.026531   11532.90   8.744753   0.00719539  -3.085058
   3.106531   11527.87   8.744778   0.00719518  -3.085841
   3.186531   11522.93   8.744804   0.00719497  -3.086612
   3.266531   11516.65   8.744831   0.00719475  -3.087586
   3.346531   11509.82   8.744858   0.00719452  -3.088643
   3.426531   11502.98   8.744885   0.00719429  -3.089704
   3.506531   11496.95   8.744912   0.00719407  -3.090640
   3.586531   11492.27   8.744936   0.00719387  -3.091372
   3.666531   11488.25   8.744961   0.00719367  -3.092005
   3.746531   11486.41   8.744982   0.00719349  -3.092305
   3.826531   11483.52   8.745005   0.00719330  -3.092765
   3.906531   11478.62   8.745031   0.00719309  -3.093531
   3.986531   11472.99   8.745057   0.00719287  -3.094410
   4.066531   11470.14   8.745079   0.00719269  -3.094863
   4.146531   11466.74   8.745103   0.00719249  -3.095403
   4.226531   11462.37   8.745128   0.00719229  -3.096090
   4.306531   11462.46   8.745146   0.00719213  -3.096094
   4.386531   11463.01   8.745166   0.00719197  -3.096031
   4.466531   11461.10   8.745188   0.00719179  -3.096342
   4.546531   11460.63   8.745208   0.00719162  -3.096434
   4.626531   11456.86   8.745233   0.00719142  -3.097030
   4.706531   11453.48   8.745256   0.00719122  -3.097566
   4.786531   11449.08   8.745282   0.00719101  -3.098258
   4.866531   11446.38   8.745304   0.00719083  -3.098692
   4.946531   11447.87   8.745322   0.00719068  -3.098483
   5.026531   11445.40   8.745345   0.00719049  -3.098881
   5.106531   11442.18   8.745369   0.00719029  -3.099394
   5.186531   11437.03   8.745395   0.00719008  -3.100200
   5.266531   11430.27   8.745422   0.00718985  -3.101256
   5.346531   11426.98   8.745445   0.00718966  -3.101779
   5.426531   11420.75   8.745473   0.00718943  -3.102754
   5.506531   11414.05   8.745500   0.00718920  -3.103800
   5.586531   11411.90   8.745522   0.00718903  -3.104150
   5.666531   11407.64   8.745547   0.00718882  -3.104822
   5.746531   11402.67   8.745572   0.00718861  -3.105605
   5.826531   11398.34   8.745597   0.00718840  -3.106290
   5.906531   11394.02   8.745621   0.00718820  -3.106972
   5.986531   11384.63   8.745652   0.00718794  -3.108436
   6.066531   11374.49   8.745683   0.00718769  -3.110016
   6.146531   11364.11   8.745714   0.00718743  -3.111632
   6.226531   11354.72   8.745744   0.00718718  -3.113099
   6.306531   11350.37   8.745768   0.00718699  -3.113788
   6.386531   11343.92   8.745795   0.00718676  -3.114802
   6.466531   11336.76   8.745823   0.00718653  -3.115927
   6.546531   11329.83   8.745850   0.00718631  -3.117015
   6.626531   11319.01   8.745882   0.00718604  -3.118707
   6.706531   11310.78   8.745910   0.00718581  -3.119999
   6.786531   11305.27   8.745935   0.00718561  -3.120871
   6.866531   11301.86   8.745958   0.00718541  -3.121418
   6.946531   11299.71   8.745980   0.00718523  -3.121770
   7.026531   11288.81   8.746011   0.00718498  -3.123477
   7.106531   11275.72   8.746043   0.00718472  -3.125525
   7.186531   11260.35   8.746075   0.00718444  -3.127928
   7.266531   11251.30   8.746104   0.00718421  -3.129353
   7.346531   11241.07   8.746134   0.00718396  -3.130963
   7.426531   11235.99   8.746157   0.00718377  -3.131772
   7.506531   11233.13   8.746179   0.00718359  -3.132236
   7.586531   11217.79   8.746214   0.00718329  -3.134644
   7.666531   11203.08   8.746246   0.00718303  -3.136956
   7.746531   11182.46   8.746284   0.00718272  -3.140194
   7.796531   11160.98   8.746321   0.00718241  -3.143572
   7.858449   11090.87   8.746401   0.00718175  -3.154598
   7.917842   10996.32   8.746498   0.00718112  -3.169585
   7.981855   10892.88   8.746596   0.00718031  -3.186102
   8.048429   10789.33   8.746691   0.00717953  -3.202790
   8.117615   10686.27   8.746782   0.00717877  -3.219554
   8.189669   10584.35   8.746871   0.00717804  -3.236291
   8.265370   10481.66   8.746959   0.00717731  -3.253314
   8.343836   10380.72   8.747047   0.00717659  -3.270213
   8.436319   10274.62   8.747142   0.00717580  -3.288155
   8.536106   10175.41   8.747236   0.00717502  -3.305105
   8.642038   10074.79   8.747339   0.00717417  -3.322472
   8.757136    9973.10   8.747441   0.00717333  -3.340197
   8.869287    9877.18   8.747551   0.00717242  -3.357095
   8.980480    9782.51   8.747660   0.00717152  -3.373935
   9.099955    9683.88   8.747769   0.00717062  -3.391648
   9.215914    9586.15   8.747875   0.00716974  -3.409374
   9.334451    9491.00   8.747971   0.00716895  -3.426800
   9.444928    9399.32   8.748058   0.00716823  -3.443748
   9.557213    9306.12   8.748139   0.00716757  -3.461140
   9.675312    9209.63   8.748218   0.00716691  -3.479326
   9.786888    9116.01   8.748290   0.00716632  -3.497147
   9.900559    9021.43   8.748360   0.00716574  -3.515335
  10.014640    8927.97   8.748428   0.00716519  -3.533493
  10.129740    8839.85   8.748491   0.00716466  -3.550788
  10.245370    8750.13   8.748559   0.00716410  -3.568576
  10.357880    8661.43   8.748626   0.00716355  -3.586345
  10.467540    8576.98   8.748692   0.00716300  -3.603432
  10.579350    8487.54   8.748763   0.00716242  -3.621711
  10.698220    8398.81   8.748832   0.00716185  -3.640036
  10.811580    8312.85   8.748897   0.00716131  -3.657973
  10.920670    8228.81   8.748959   0.00716081  -3.675687
  11.033580    8143.61   8.749020   0.00716030  -3.693828
  11.148160    8059.09   8.749082   0.00715979  -3.712015
  11.256860    7981.48   8.749138   0.00715932  -3.728881
  11.361170    7903.66   8.749197   0.00715884  -3.745961
  11.465030    7827.12   8.749252   0.00715838  -3.762922
  11.568370    7750.80   8.749303   0.00715796  -3.779993
  11.670440    7677.71   8.749350   0.00715758  -3.796500
  11.773050    7605.37   8.749394   0.00715721  -3.812989
  11.868940    7535.58   8.749437   0.00715686  -3.829047
  11.964210    7464.73   8.749477   0.00715654  -3.845496
  12.061860    7398.84   8.749514   0.00715623  -3.860937
  12.154320    7334.08   8.749554   0.00715590  -3.876247
  12.245000    7270.78   8.749595   0.00715556  -3.891347
  12.338120    7210.21   8.749636   0.00715523  -3.905921
  12.418070    7152.73   8.749677   0.00715488  -3.919867
  12.501300    7097.23   8.749720   0.00715454  -3.933441
  12.583580    7044.28   8.749761   0.00715420  -3.946489
  12.660870    6991.94   8.749804   0.00715384  -3.959490
  12.740760    6941.89   8.749843   0.00715352  -3.972008
  12.815960    6893.14   8.749884   0.00715318  -3.984292
  12.895080    6845.70   8.749923   0.00715286  -3.996326
  12.969540    6799.56   8.749962   0.00715254  -4.008116
  13.043260    6754.42   8.750001   0.00715222  -4.019724
  13.115530    6711.58   8.750038   0.00715191  -4.030815
  13.191560    6670.50   8.750075   0.00715161  -4.041517
  13.262760    6630.49   8.750111   0.00715131  -4.052005
  13.333100    6592.35   8.750147   0.00715102  -4.062061
  13.403340    6555.36   8.750182   0.00715073  -4.071872
  13.473290    6519.54   8.750217   0.00715044  -4.081426
  13.543070    6484.73   8.750251   0.00715016  -4.090760
  13.612730    6450.82   8.750283   0.00714990  -4.099899
  13.682320    6417.70   8.750313   0.00714965  -4.108873
  13.751900    6385.26   8.750343   0.00714940  -4.117705
  13.821490    6353.43   8.750371   0.00714917  -4.126416
  13.891070    6322.09   8.750400   0.00714893  -4.135034
  13.960120    6291.09   8.750427   0.00714871  -4.143601
  14.024200    6261.27   8.750453   0.00714849  -4.151881
  14.092300    6232.17   8.750479   0.00714828  -4.160000
  14.160400    6203.79   8.750505   0.00714807  -4.167953
  14.228220    6175.93   8.750531   0.00714785  -4.175797
  14.295210    6148.73   8.750557   0.00714764  -4.183491
  14.361430    6122.01   8.750584   0.00714742  -4.191085
  14.426890    6095.60   8.750610   0.00714721  -4.198619
  14.491620    6069.39   8.750636   0.00714699  -4.206132
  14.555620    6043.26   8.750661   0.00714678  -4.213652
  14.618930    6017.15   8.750685   0.00714658  -4.221197
  14.681540    5991.08   8.750709   0.00714639  -4.228765
  14.743430    5965.14   8.750732   0.00714620  -4.236327
  14.804470    5939.16   8.750754   0.00714602  -4.243929
  14.864350    5913.62   8.750776   0.00714584  -4.251438
  14.923450    5888.38   8.750796   0.00714567  -4.258891
  14.981800    5863.67   8.750817   0.00714550  -4.266215
  15.039590    5839.18   8.750837   0.00714534  -4.273505
  15.096420    5815.09   8.750857   0.00714517  -4.280708
  15.152330    5791.33   8.750877   0.00714501  -4.287841
  15.207290    5767.82   8.750896   0.00714485  -4.294927
  15.261330    5744.47   8.750916   0.00714469  -4.301992
  15.314460    5721.20   8.750934   0.00714454  -4.309061
  15.366750    5697.89   8.750952   0.00714439  -4.316171
  15.418240    5674.46   8.750969   0.00714425  -4.323347
  15.468970    5650.92   8.750986   0.00714411  -4.330585
  15.518920    5627.93   8.751001   0.00714399  -4.337682
  15.566460    5604.84   8.751016   0.00714386  -4.344841
  15.614760    5581.16   8.751031   0.00714374  -4.352211
  15.662540    5557.55   8.751046   0.00714362  -4.359590
  15.709560    5534.08   8.751061   0.00714350  -4.366954
  15.755860    5510.81   8.751075   0.00714338  -4.374289
  15.801390    5488.34   8.751089   0.00714327  -4.381400
