- M = 1.10 Mo
- log q(H) = -10.0
- log q(He) = -6.0
- X(O) = 0.50
- X(Ne) = 0.025
- Partial distillation
 
    t (Gyr)     Teff      log g        R/Ro      log L/Lo
  --------------------------------------------------------
   0.000000   64001.06   8.783664   0.00704224  -0.126788
   0.000100   63323.49   8.786866   0.00701633  -0.148479
   0.000164   62516.67   8.788512   0.00700305  -0.172401
   0.000239   61323.02   8.790085   0.00699038  -0.207464
   0.000319   59923.36   8.791575   0.00697839  -0.249063
   0.000408   58426.58   8.792991   0.00696703  -0.294422
   0.000506   56887.75   8.794347   0.00695616  -0.342144
   0.000617   55345.67   8.795654   0.00694570  -0.391192
   0.000746   53830.94   8.796913   0.00693564  -0.440658
   0.000897   52360.83   8.798124   0.00692597  -0.489971
   0.001079   50947.75   8.799292   0.00691667  -0.538665
   0.001296   49622.06   8.800399   0.00690786  -0.585573
   0.001561   48387.40   8.801449   0.00689952  -0.630392
   0.001891   47245.69   8.802442   0.00689163  -0.672867
   0.002306   46196.75   8.803385   0.00688415  -0.712812
   0.002837   45236.68   8.804286   0.00687701  -0.750196
   0.003522   44356.24   8.805161   0.00687009  -0.785216
   0.004409   43540.03   8.806024   0.00686327  -0.818342
   0.005548   42768.63   8.806882   0.00685649  -0.850254
   0.006990   42022.04   8.807738   0.00684974  -0.881702
   0.008779   41283.58   8.808578   0.00684312  -0.913341
   0.010933   40549.01   8.809388   0.00683674  -0.945340
   0.013446   39821.50   8.810168   0.00683060  -0.977570
   0.016331   39099.50   8.810926   0.00682464  -1.010114
   0.019629   38378.36   8.811674   0.00681877  -1.043201
   0.023332   37663.27   8.812404   0.00681304  -1.076605
   0.027423   36959.67   8.813107   0.00680753  -1.110068
   0.031919   36266.05   8.813788   0.00680220  -1.143660
   0.036826   35583.14   8.814450   0.00679701  -1.177346
   0.042136   34912.40   8.815092   0.00679199  -1.211046
   0.047882   34251.10   8.815722   0.00678707  -1.244896
   0.054052   33601.94   8.816342   0.00678222  -1.278758
   0.060634   32966.47   8.816947   0.00677750  -1.312530
   0.067646   32342.93   8.817532   0.00677293  -1.346288
   0.075095   31730.81   8.818095   0.00676855  -1.380043
   0.082948   31132.49   8.818626   0.00676441  -1.413644
   0.091209   30547.99   8.819128   0.00676050  -1.447070
   0.099903   29976.35   8.819609   0.00675676  -1.480367
   0.109076   29415.27   8.820076   0.00675313  -1.513657
   0.118744   28864.92   8.820532   0.00674958  -1.546924
   0.128884   28327.42   8.820982   0.00674609  -1.580027
   0.139490   27803.48   8.821425   0.00674265  -1.612902
   0.150712   27286.14   8.821855   0.00673931  -1.645959
   0.162397   26783.43   8.822266   0.00673612  -1.678674
   0.174658   26290.97   8.822665   0.00673303  -1.711312
   0.187503   25809.21   8.823055   0.00673001  -1.743829
   0.200959   25338.33   8.823440   0.00672703  -1.776201
   0.215038   24878.38   8.823828   0.00672402  -1.808412
   0.229812   24428.04   8.824221   0.00672098  -1.840540
   0.245274   23987.81   8.824611   0.00671796  -1.872522
   0.261442   23557.04   8.824991   0.00671502  -1.904381
   0.278347   23135.61   8.825357   0.00671219  -1.936106
   0.296091   22721.40   8.825705   0.00670950  -1.967838
   0.314638   22315.77   8.826032   0.00670698  -1.999457
   0.334170   21916.39   8.826352   0.00670451  -2.031149
   0.354531   21527.06   8.826665   0.00670209  -2.062599
   0.376115   21141.39   8.826975   0.00669970  -2.094314
   0.398340   20770.32   8.827273   0.00669741  -2.125373
   0.421655   20406.41   8.827563   0.00669517  -2.156369
   0.446374   20045.60   8.827846   0.00669299  -2.187642
   0.472009   19695.45   8.828116   0.00669091  -2.218526
   0.498962   19351.09   8.828386   0.00668883  -2.249437
   0.527064   19015.18   8.828651   0.00668678  -2.280123
   0.556727   18683.53   8.828914   0.00668476  -2.310951
   0.587660   18360.15   8.829171   0.00668279  -2.341539
   0.619522   18048.55   8.829416   0.00668090  -2.371520
   0.652705   17744.75   8.829647   0.00667913  -2.401240
   0.687966   17442.59   8.829856   0.00667752  -2.431284
   0.724602   17148.94   8.830044   0.00667607  -2.460968
   0.762398   16865.62   8.830218   0.00667473  -2.490082
   0.802206   16586.91   8.830390   0.00667341  -2.519201
   0.843761   16315.43   8.830565   0.00667206  -2.548045
   0.887438   16049.54   8.830753   0.00667062  -2.576775
   0.932950   15791.57   8.830958   0.00666905  -2.605129
   0.979643   15544.74   8.831169   0.00666743  -2.632709
   1.028445   15304.02   8.831385   0.00666577  -2.660037
   1.079275   15069.95   8.831600   0.00666412  -2.687026
   1.131949   14843.32   8.831806   0.00666254  -2.713555
   1.186169   14625.16   8.831998   0.00666107  -2.739469
   1.240838   14418.98   8.832168   0.00665976  -2.764303
   1.294879   14227.27   8.832314   0.00665865  -2.787701
   1.347101   14052.48   8.832439   0.00665768  -2.809301
   1.393247   13905.66   8.832543   0.00665689  -2.827650
   1.435838   13776.18   8.832635   0.00665618  -2.843993
   1.477768   13654.07   8.832723   0.00665551  -2.859548
   1.547768   13465.07   8.832862   0.00665445  -2.883901
   1.617768   13306.26   8.832987   0.00665349  -2.904635
   1.687768   13185.86   8.833091   0.00665269  -2.920530
   1.757768   13098.19   8.833176   0.00665204  -2.932204
   1.827768   13051.35   8.833234   0.00665144  -2.938469
   1.897768   13029.45   8.833272   0.00665114  -2.941424
   1.967768   13022.63   8.833300   0.00665093  -2.942361
   2.037768   13015.41   8.833328   0.00665072  -2.943353
   2.107768   13003.10   8.833361   0.00665047  -2.945030
   2.177768   12990.91   8.833393   0.00665022  -2.946690
   2.247768   12985.86   8.833419   0.00665002  -2.947393
   2.317768   12981.88   8.833445   0.00664982  -2.947952
   2.387768   12977.41   8.833471   0.00664962  -2.948575
   2.457768   12970.59   8.833500   0.00664940  -2.949517
   2.527768   12959.48   8.833532   0.00664916  -2.951037
   2.597768   12949.96   8.833562   0.00664892  -2.952344
   2.667768   12942.17   8.833591   0.00664870  -2.953419
   2.737768   12933.96   8.833621   0.00664847  -2.954551
   2.807768   12925.15   8.833651   0.00664824  -2.955764
   2.877768   12915.45   8.833682   0.00664801  -2.957101
   2.947768   12908.22   8.833711   0.00664779  -2.958102
   3.017768   12900.20   8.833740   0.00664756  -2.959211
   3.087768   12891.75   8.833770   0.00664733  -2.960379
   3.157768   12883.07   8.833800   0.00664710  -2.961579
   3.227768   12876.45   8.833829   0.00664688  -2.962501
   3.297768   12871.52   8.833856   0.00664668  -2.963192
   3.367768   12862.80   8.833886   0.00664644  -2.964401
   3.437768   12856.93   8.833914   0.00664623  -2.965221
   3.507768   12850.41   8.833942   0.00664602  -2.966131
   3.577768   12844.51   8.833970   0.00664580  -2.966957
   3.647768   12837.30   8.833999   0.00664558  -2.967960
   3.717768   12830.61   8.834027   0.00664537  -2.968895
   3.787768   12820.16   8.834059   0.00664512  -2.970342
   3.857768   12811.82   8.834089   0.00664489  -2.971502
   3.927768   12806.02   8.834117   0.00664468  -2.972316
   3.997768   12801.22   8.834143   0.00664448  -2.972995
   4.067768   12798.13   8.834169   0.00664428  -2.973439
   4.137768   12792.56   8.834197   0.00664407  -2.974222
   4.207768   12790.70   8.834221   0.00664389  -2.974499
   4.277768   12785.87   8.834248   0.00664368  -2.975184
   4.347768   12781.37   8.834275   0.00664347  -2.975822
   4.417768   12773.34   8.834305   0.00664324  -2.976943
   4.487768   12769.18   8.834331   0.00664304  -2.977536
   4.557768   12770.13   8.834353   0.00664287  -2.977427
   4.627768   12768.87   8.834377   0.00664269  -2.977624
   4.697768   12767.00   8.834402   0.00664250  -2.977902
   4.767768   12765.99   8.834425   0.00664232  -2.978063
   4.837768   12762.91   8.834451   0.00664212  -2.978509
   4.907768   12757.10   8.834479   0.00664191  -2.979328
   4.977768   12749.53   8.834509   0.00664168  -2.980389
   5.047768   12746.01   8.834535   0.00664148  -2.980893
   5.117768   12744.55   8.834559   0.00664130  -2.981117
   5.187768   12740.78   8.834585   0.00664110  -2.981658
   5.257768   12736.96   8.834612   0.00664089  -2.982205
   5.327768   12731.37   8.834640   0.00664068  -2.982995
   5.397768   12724.06   8.834670   0.00664045  -2.984024
   5.467768   12721.43   8.834695   0.00664026  -2.984407
   5.537768   12717.85   8.834721   0.00664006  -2.984923
   5.607768   12714.20   8.834747   0.00663986  -2.985447
   5.677768   12706.53   8.834778   0.00663963  -2.986526
   5.747768   12700.32   8.834806   0.00663941  -2.987404
   5.817768   12693.43   8.834836   0.00663918  -2.988375
   5.887768   12687.47   8.834864   0.00663896  -2.989220
   5.957768   12685.08   8.834889   0.00663877  -2.989572
   6.027768   12675.14   8.834922   0.00663853  -2.990967
   6.097768   12671.59   8.834948   0.00663833  -2.991480
   6.167768   12667.71   8.834974   0.00663812  -2.992038
   6.237768   12659.53   8.835005   0.00663789  -2.993191
   6.307768   12652.96   8.835034   0.00663767  -2.994122
   6.377768   12640.71   8.835069   0.00663740  -2.995839
   6.447768   12626.67   8.835105   0.00663713  -2.997806
   6.517768   12604.62   8.835149   0.00663679  -3.000887
   6.587768   12589.31   8.835186   0.00663650  -3.003035
   6.657768   12582.28   8.835216   0.00663628  -3.004034
   6.727768   12572.17   8.835249   0.00663603  -3.005464
   6.797768   12555.68   8.835287   0.00663573  -3.007783
   6.867768   12547.29   8.835318   0.00663550  -3.008975
   6.937768   12544.17   8.835344   0.00663530  -3.009433
   7.007768   12512.78   8.835398   0.00663489  -3.013839
   7.052768   12447.42   8.835484   0.00663423  -3.023023
   7.100694   12357.26   8.835592   0.00663341  -3.035759
   7.148229   12258.99   8.835709   0.00663267  -3.049763
   7.195233   12159.21   8.835821   0.00663181  -3.064073
   7.242832   12061.34   8.835930   0.00663099  -3.078221
   7.294194   11961.69   8.836036   0.00663017  -3.092739
   7.345193   11864.24   8.836135   0.00662942  -3.107048
   7.399301   11765.17   8.836230   0.00662869  -3.121709
   7.455736   11664.99   8.836324   0.00662798  -3.136659
   7.514354   11562.47   8.836416   0.00662727  -3.152087
   7.578143   11461.59   8.836505   0.00662659  -3.167399
   7.654549   11360.12   8.836595   0.00662591  -3.182936
   7.735556   11260.43   8.836681   0.00662525  -3.198335
   7.822489   11155.01   8.836770   0.00662457  -3.214764
   7.920212   11049.08   8.836847   0.00662399  -3.231416
   8.016349   10951.04   8.836925   0.00662339  -3.246977
   8.114374   10850.44   8.837004   0.00662279  -3.263088
   8.213254   10748.78   8.837086   0.00662217  -3.279522
   8.311030   10647.16   8.837172   0.00662151  -3.296109
   8.408027   10548.89   8.837262   0.00662082  -3.312308
   8.506791   10450.72   8.837359   0.00662009  -3.328647
   8.601029   10353.26   8.837458   0.00661933  -3.345022
   8.696368   10254.03   8.837558   0.00661856  -3.361852
   8.790862   10157.06   8.837653   0.00661785  -3.378454
   8.886187   10061.14   8.837742   0.00661716  -3.395027
   8.982931    9964.94   8.837825   0.00661653  -3.411800
   9.080250    9869.87   8.837901   0.00661595  -3.428529
   9.178813    9775.21   8.837969   0.00661544  -3.445338
   9.278520    9681.06   8.838032   0.00661496  -3.462212
   9.379345    9584.57   8.838091   0.00661450  -3.479675
   9.477725    9491.34   8.838146   0.00661409  -3.496709
   9.583169    9394.10   8.838203   0.00661366  -3.514654
   9.685130    9296.18   8.838262   0.00661320  -3.532917
   9.781615    9204.37   8.838315   0.00661280  -3.550213
   9.879212    9113.23   8.838372   0.00661236  -3.567557
   9.972009    9023.07   8.838433   0.00661191  -3.584889
  10.065480    8931.76   8.838493   0.00661144  -3.602619
  10.158170    8842.18   8.838552   0.00661100  -3.620187
  10.250910    8755.32   8.838607   0.00661057  -3.637392
  10.345000    8666.85   8.838662   0.00661016  -3.655090
  10.438170    8581.23   8.838715   0.00660976  -3.672390
  10.532410    8496.21   8.838767   0.00660936  -3.689740
  10.627040    8410.21   8.838819   0.00660897  -3.707464
  10.720570    8327.06   8.838870   0.00660858  -3.724777
  10.814760    8242.91   8.838922   0.00660818  -3.742472
  10.901490    8162.56   8.838969   0.00660782  -3.759536
  10.994850    8082.18   8.839015   0.00660747  -3.776774
  11.083110    8004.24   8.839060   0.00660713  -3.793652
  11.172150    7924.09   8.839104   0.00660680  -3.811179
  11.259190    7847.80   8.839147   0.00660647  -3.828028
  11.351650    7772.30   8.839189   0.00660615  -3.844865
  11.438340    7698.65   8.839231   0.00660583  -3.861445
  11.524440    7625.63   8.839273   0.00660551  -3.878044
  11.608800    7555.03   8.839314   0.00660520  -3.894243
  11.687240    7487.16   8.839356   0.00660488  -3.909960
  11.764530    7418.76   8.839395   0.00660458  -3.925942
  11.843280    7355.38   8.839432   0.00660430  -3.940886
  11.917010    7293.68   8.839471   0.00660401  -3.955556
  11.993580    7234.00   8.839506   0.00660374  -3.969864
  12.064170    7176.84   8.839542   0.00660346  -3.983683
  12.133540    7121.09   8.839578   0.00660319  -3.997266
  12.201410    7067.54   8.839612   0.00660293  -4.010411
  12.268600    7015.44   8.839645   0.00660268  -4.023298
  12.335130    6964.77   8.839678   0.00660243  -4.035923
  12.401040    6915.53   8.839711   0.00660218  -4.048281
  12.466320    6867.79   8.839743   0.00660194  -4.060347
  12.530830    6821.72   8.839775   0.00660169  -4.072072
  12.594540    6777.41   8.839808   0.00660145  -4.083426
  12.657400    6734.70   8.839840   0.00660120  -4.094440
  12.715350    6693.56   8.839870   0.00660097  -4.105113
  12.775760    6654.88   8.839898   0.00660076  -4.115210
  12.836680    6617.09   8.839925   0.00660055  -4.125130
  12.897490    6580.18   8.839953   0.00660034  -4.134876
  12.954080    6544.26   8.839979   0.00660014  -4.144411
  13.013750    6509.68   8.840004   0.00659996  -4.153639
  13.073840    6475.67   8.840029   0.00659977  -4.162763
  13.130460    6442.48   8.840054   0.00659958  -4.171713
  13.190800    6409.43   8.840078   0.00659939  -4.180673
  13.250620    6377.35   8.840102   0.00659921  -4.189413
  13.310430    6345.80   8.840127   0.00659902  -4.198054
  13.369830    6315.05   8.840152   0.00659883  -4.206517
  13.428760    6285.15   8.840178   0.00659863  -4.214790
  13.483510    6256.58   8.840203   0.00659844  -4.222728
  13.541880    6228.10   8.840227   0.00659826  -4.230678
  13.598880    6200.70   8.840251   0.00659808  -4.238360
  13.655270    6173.77   8.840274   0.00659791  -4.245946
  13.710960    6147.19   8.840296   0.00659774  -4.253462
  13.766000    6120.80   8.840317   0.00659757  -4.260957
  13.820420    6094.49   8.840338   0.00659742  -4.268461
  13.874230    6068.21   8.840358   0.00659726  -4.275989
  13.927450    6041.97   8.840378   0.00659711  -4.283536
  13.980040    6015.80   8.840398   0.00659696  -4.291096
  14.031970    5989.77   8.840417   0.00659681  -4.298650
