- M = 1.10 Mo
- log q(H) = -10.0
- log q(He) = -6.0
- X(O) = 0.50
- X(Ne) = 0.025
- Full distillation
 
    t (Gyr)     Teff      log g        R/Ro      log L/Lo
  --------------------------------------------------------
   0.000000   64001.06   8.783664   0.00704224  -0.126788
   0.000100   63323.49   8.786866   0.00701633  -0.148479
   0.000164   62516.67   8.788512   0.00700305  -0.172401
   0.000239   61323.02   8.790085   0.00699038  -0.207464
   0.000319   59923.36   8.791575   0.00697839  -0.249063
   0.000408   58426.58   8.792991   0.00696703  -0.294422
   0.000506   56887.75   8.794347   0.00695616  -0.342144
   0.000617   55345.67   8.795654   0.00694570  -0.391192
   0.000746   53830.94   8.796913   0.00693564  -0.440658
   0.000897   52360.83   8.798124   0.00692597  -0.489971
   0.001079   50947.75   8.799292   0.00691667  -0.538665
   0.001296   49622.06   8.800399   0.00690786  -0.585573
   0.001561   48387.40   8.801449   0.00689952  -0.630392
   0.001891   47245.69   8.802442   0.00689163  -0.672867
   0.002306   46196.75   8.803385   0.00688415  -0.712812
   0.002837   45236.68   8.804286   0.00687701  -0.750196
   0.003522   44356.24   8.805161   0.00687009  -0.785216
   0.004409   43540.03   8.806024   0.00686327  -0.818342
   0.005548   42768.63   8.806882   0.00685649  -0.850254
   0.006990   42022.04   8.807738   0.00684974  -0.881702
   0.008779   41283.58   8.808578   0.00684312  -0.913341
   0.010933   40549.01   8.809388   0.00683674  -0.945340
   0.013446   39821.50   8.810168   0.00683060  -0.977570
   0.016331   39099.50   8.810926   0.00682464  -1.010114
   0.019629   38378.36   8.811674   0.00681877  -1.043201
   0.023332   37663.27   8.812404   0.00681304  -1.076605
   0.027423   36959.67   8.813107   0.00680753  -1.110068
   0.031919   36266.05   8.813788   0.00680220  -1.143660
   0.036826   35583.14   8.814450   0.00679701  -1.177346
   0.042136   34912.40   8.815092   0.00679199  -1.211046
   0.047882   34251.10   8.815722   0.00678707  -1.244896
   0.054052   33601.94   8.816342   0.00678222  -1.278758
   0.060634   32966.47   8.816947   0.00677750  -1.312530
   0.067646   32342.93   8.817532   0.00677293  -1.346288
   0.075095   31730.81   8.818095   0.00676855  -1.380043
   0.082948   31132.49   8.818626   0.00676441  -1.413644
   0.091209   30547.99   8.819128   0.00676050  -1.447070
   0.099903   29976.35   8.819609   0.00675676  -1.480367
   0.109076   29415.27   8.820076   0.00675313  -1.513657
   0.118744   28864.92   8.820532   0.00674958  -1.546924
   0.128884   28327.42   8.820982   0.00674609  -1.580027
   0.139490   27803.48   8.821425   0.00674265  -1.612902
   0.150712   27286.14   8.821855   0.00673931  -1.645959
   0.162397   26783.43   8.822266   0.00673612  -1.678674
   0.174658   26290.97   8.822665   0.00673303  -1.711312
   0.187503   25809.21   8.823055   0.00673001  -1.743829
   0.200959   25338.33   8.823440   0.00672703  -1.776201
   0.215038   24878.38   8.823828   0.00672402  -1.808412
   0.229812   24428.04   8.824221   0.00672098  -1.840540
   0.245274   23987.81   8.824611   0.00671796  -1.872522
   0.261442   23557.04   8.824991   0.00671502  -1.904381
   0.278347   23135.61   8.825357   0.00671219  -1.936106
   0.296091   22721.40   8.825705   0.00670950  -1.967838
   0.314638   22315.77   8.826032   0.00670698  -1.999457
   0.334170   21916.39   8.826352   0.00670451  -2.031149
   0.354531   21527.06   8.826665   0.00670209  -2.062599
   0.376115   21141.39   8.826975   0.00669970  -2.094314
   0.398340   20770.32   8.827273   0.00669741  -2.125373
   0.421655   20406.41   8.827563   0.00669517  -2.156369
   0.446374   20045.60   8.827846   0.00669299  -2.187642
   0.472009   19695.45   8.828116   0.00669091  -2.218526
   0.498962   19351.09   8.828386   0.00668883  -2.249437
   0.527064   19015.18   8.828651   0.00668678  -2.280123
   0.556727   18683.53   8.828914   0.00668476  -2.310951
   0.587660   18360.15   8.829171   0.00668279  -2.341539
   0.619522   18048.55   8.829416   0.00668090  -2.371520
   0.652705   17744.75   8.829647   0.00667913  -2.401240
   0.687966   17442.59   8.829856   0.00667752  -2.431284
   0.724602   17148.94   8.830044   0.00667607  -2.460968
   0.762398   16865.62   8.830218   0.00667473  -2.490082
   0.802206   16586.91   8.830390   0.00667341  -2.519201
   0.843761   16315.43   8.830565   0.00667206  -2.548045
   0.887438   16049.54   8.830753   0.00667062  -2.576775
   0.932950   15791.57   8.830958   0.00666905  -2.605129
   0.979643   15544.74   8.831169   0.00666743  -2.632709
   1.028445   15304.02   8.831385   0.00666577  -2.660037
   1.079275   15069.95   8.831600   0.00666412  -2.687026
   1.131949   14843.32   8.831806   0.00666254  -2.713555
   1.186169   14625.16   8.831998   0.00666107  -2.739469
   1.240838   14418.98   8.832168   0.00665976  -2.764303
   1.294879   14227.27   8.832314   0.00665865  -2.787701
   1.347101   14052.48   8.832439   0.00665768  -2.809301
   1.393247   13905.66   8.832543   0.00665689  -2.827650
   1.435838   13776.18   8.832635   0.00665618  -2.843993
   1.477768   13654.07   8.832723   0.00665551  -2.859548
   1.547768   13465.07   8.832862   0.00665445  -2.883901
   1.617768   13306.26   8.832987   0.00665349  -2.904635
   1.687768   13185.86   8.833091   0.00665269  -2.920530
   1.757768   13098.19   8.833176   0.00665204  -2.932204
   1.827768   13051.35   8.833234   0.00665144  -2.938469
   1.897768   13029.45   8.833272   0.00665114  -2.941424
   1.967768   13022.63   8.833300   0.00665093  -2.942361
   2.037768   13015.41   8.833328   0.00665072  -2.943353
   2.107768   13003.10   8.833361   0.00665047  -2.945030
   2.177768   12990.91   8.833393   0.00665022  -2.946690
   2.247768   12985.86   8.833419   0.00665002  -2.947393
   2.317768   12981.88   8.833445   0.00664982  -2.947952
   2.387768   12977.41   8.833471   0.00664962  -2.948575
   2.457768   12970.59   8.833500   0.00664940  -2.949517
   2.527768   12959.48   8.833532   0.00664916  -2.951037
   2.597768   12949.96   8.833562   0.00664892  -2.952344
   2.667768   12942.17   8.833591   0.00664870  -2.953419
   2.737768   12933.96   8.833621   0.00664847  -2.954551
   2.807768   12925.15   8.833651   0.00664824  -2.955764
   2.877768   12915.45   8.833682   0.00664801  -2.957101
   2.947768   12908.22   8.833711   0.00664779  -2.958102
   3.017768   12900.20   8.833740   0.00664756  -2.959211
   3.087768   12891.75   8.833770   0.00664733  -2.960379
   3.157768   12883.07   8.833800   0.00664710  -2.961579
   3.227768   12876.45   8.833829   0.00664688  -2.962501
   3.297768   12871.52   8.833856   0.00664668  -2.963192
   3.367768   12862.80   8.833886   0.00664644  -2.964401
   3.437768   12856.93   8.833914   0.00664623  -2.965221
   3.507768   12850.41   8.833942   0.00664602  -2.966131
   3.577768   12844.51   8.833970   0.00664580  -2.966957
   3.647768   12837.30   8.833999   0.00664558  -2.967960
   3.717768   12830.61   8.834027   0.00664537  -2.968895
   3.787768   12820.16   8.834059   0.00664512  -2.970342
   3.857768   12811.82   8.834089   0.00664489  -2.971502
   3.927768   12806.02   8.834117   0.00664468  -2.972316
   3.997768   12801.22   8.834143   0.00664448  -2.972995
   4.067768   12798.13   8.834169   0.00664428  -2.973439
   4.137768   12792.56   8.834197   0.00664407  -2.974222
   4.207768   12790.70   8.834221   0.00664389  -2.974499
   4.277768   12785.87   8.834248   0.00664368  -2.975184
   4.347768   12781.37   8.834275   0.00664347  -2.975822
   4.417768   12773.34   8.834305   0.00664324  -2.976943
   4.487768   12769.18   8.834331   0.00664304  -2.977536
   4.557768   12770.13   8.834353   0.00664287  -2.977427
   4.627768   12768.87   8.834377   0.00664269  -2.977624
   4.697768   12767.00   8.834402   0.00664250  -2.977902
   4.767768   12765.99   8.834425   0.00664232  -2.978063
   4.837768   12762.91   8.834451   0.00664212  -2.978509
   4.907768   12757.10   8.834479   0.00664191  -2.979328
   4.977768   12749.53   8.834509   0.00664168  -2.980389
   5.047768   12746.01   8.834535   0.00664148  -2.980893
   5.117768   12744.55   8.834559   0.00664130  -2.981117
   5.187768   12740.78   8.834585   0.00664110  -2.981658
   5.257768   12736.96   8.834612   0.00664089  -2.982205
   5.327768   12731.37   8.834640   0.00664068  -2.982995
   5.397768   12724.06   8.834670   0.00664045  -2.984024
   5.467768   12721.43   8.834695   0.00664026  -2.984407
   5.537768   12717.85   8.834721   0.00664006  -2.984923
   5.607768   12714.20   8.834747   0.00663986  -2.985447
   5.677768   12706.53   8.834778   0.00663963  -2.986526
   5.747768   12700.32   8.834806   0.00663941  -2.987404
   5.817768   12693.43   8.834836   0.00663918  -2.988375
   5.887768   12687.47   8.834864   0.00663896  -2.989220
   5.957768   12685.08   8.834889   0.00663877  -2.989572
   6.027768   12675.14   8.834922   0.00663853  -2.990967
   6.097768   12671.59   8.834948   0.00663833  -2.991480
   6.167768   12667.71   8.834974   0.00663812  -2.992038
   6.237768   12659.53   8.835005   0.00663789  -2.993191
   6.307768   12652.81   8.835034   0.00663767  -2.994142
   6.377768   12645.11   8.835064   0.00663744  -2.995230
   6.447768   12639.41   8.835093   0.00663722  -2.996041
   6.517768   12637.00   8.835117   0.00663703  -2.996398
   6.587768   12632.56   8.835144   0.00663682  -2.997035
   6.657768   12634.76   8.835165   0.00663667  -2.996754
   6.727768   12632.84   8.835190   0.00663648  -2.997042
   6.797768   12628.93   8.835216   0.00663627  -2.997606
   6.867768   12625.49   8.835243   0.00663607  -2.998106
   6.937768   12619.84   8.835271   0.00663586  -2.998912
   7.007768   12612.49   8.835301   0.00663563  -2.999954
   7.077768   12607.13   8.835328   0.00663542  -3.000720
   7.147768   12608.27   8.835349   0.00663526  -3.000584
   7.217768   12612.71   8.835368   0.00663512  -2.999991
   7.287768   12613.02   8.835391   0.00663494  -2.999971
   7.357768   12614.45   8.835412   0.00663478  -2.999795
   7.427768   12616.56   8.835433   0.00663462  -2.999525
   7.497768   12616.36   8.835456   0.00663444  -2.999575
   7.567768   12611.05   8.835484   0.00663423  -3.000335
   7.637768   12613.81   8.835504   0.00663408  -2.999975
   7.707768   12615.67   8.835525   0.00663392  -2.999739
   7.777768   12621.51   8.835542   0.00663379  -2.998953
   7.847768   12622.29   8.835564   0.00663362  -2.998868
   7.917768   12619.14   8.835591   0.00663341  -2.999328
   7.987768   12611.89   8.835621   0.00663319  -3.000356
   8.057768   12607.63   8.835647   0.00663298  -3.000969
   8.127768   12596.55   8.835681   0.00663272  -3.002530
   8.197768   12589.24   8.835711   0.00663250  -3.003569
   8.267768   12592.99   8.835730   0.00663235  -3.003071
   8.337768   12593.59   8.835753   0.00663218  -3.003011
   8.407768   12593.95   8.835775   0.00663201  -3.002983
   8.477768   12591.53   8.835801   0.00663181  -3.003343
   8.547768   12588.56   8.835827   0.00663161  -3.003779
   8.617768   12579.51   8.835859   0.00663136  -3.005061
   8.687768   12573.95   8.835887   0.00663115  -3.005857
   8.757768   12569.66   8.835915   0.00663094  -3.006476
   8.827768   12561.89   8.835946   0.00663071  -3.007582
   8.897768   12549.18   8.835981   0.00663044  -3.009376
   8.967768   12545.80   8.836006   0.00663024  -3.009869
   9.037768   12547.45   8.836027   0.00663008  -3.009662
   9.107768   12535.24   8.836063   0.00662981  -3.011388
   9.177768   12531.93   8.836088   0.00662962  -3.011872
   9.247768   12522.20   8.836121   0.00662937  -3.013254
   9.317768   12514.01   8.836152   0.00662913  -3.014422
   9.387768   12513.00   8.836175   0.00662896  -3.014586
   9.457768   12508.95   8.836202   0.00662875  -3.015174
   9.527768   12499.75   8.836234   0.00662851  -3.016485
   9.597768   12493.31   8.836262   0.00662829  -3.017408
   9.667768   12499.60   8.836278   0.00662817  -3.016549
   9.737768   12494.67   8.836306   0.00662795  -3.017264
   9.807768   12487.79   8.836336   0.00662773  -3.018249
   9.877768   12481.46   8.836364   0.00662751  -3.019159
   9.947768   12489.30   8.836378   0.00662741  -3.018082
  10.017770   12493.91   8.836397   0.00662726  -3.017459
  10.087770   12498.03   8.836415   0.00662712  -3.016905
  10.157770   12488.86   8.836448   0.00662687  -3.018213
  10.227770   12478.83   8.836480   0.00662662  -3.019641
  10.297770   12466.06   8.836515   0.00662636  -3.021455
  10.367770   12447.17   8.836556   0.00662605  -3.024130
  10.437770   12433.39   8.836593   0.00662577  -3.026090
  10.507770   12422.70   8.836626   0.00662551  -3.027618
  10.577770   12421.25   8.836649   0.00662534  -3.027844
  10.647770   12418.12   8.836675   0.00662514  -3.028308
  10.717770   12421.18   8.836695   0.00662499  -3.027899
  10.787770   12389.30   8.836750   0.00662457  -3.032420
  10.857770   12376.51   8.836786   0.00662430  -3.034250
  10.902770   12279.10   8.836904   0.00662339  -3.048095
  10.948490   12162.52   8.837036   0.00662238  -3.064798
  10.995490   12060.45   8.837149   0.00662168  -3.079568
  11.044730   11960.14   8.837256   0.00662087  -3.094184
  11.096150   11859.38   8.837358   0.00662009  -3.108982
  11.148930   11761.59   8.837452   0.00661938  -3.123461
  11.204930   11660.20   8.837548   0.00661864  -3.138597
  11.262400   11559.53   8.837642   0.00661793  -3.153755
  11.322010   11460.98   8.837731   0.00661725  -3.168718
  11.382380   11361.45   8.837821   0.00661656  -3.183959
  11.446870   11261.11   8.837907   0.00661590  -3.199456
  11.515480   11155.76   8.837997   0.00661522  -3.215873
  11.589540   11050.48   8.838083   0.00661457  -3.232432
  11.672010   10947.95   8.838166   0.00661393  -3.248707
  11.764720   10844.21   8.838249   0.00661330  -3.265330
  11.861020   10741.97   8.838330   0.00661268  -3.281867
  11.956280   10642.75   8.838413   0.00661205  -3.298070
  12.058120   10539.58   8.838506   0.00661135  -3.315086
  12.157150   10441.06   8.838601   0.00661062  -3.331497
  12.256800   10342.13   8.838695   0.00660991  -3.348128
  12.363150   10241.91   8.838796   0.00660914  -3.365145
  12.467510   10142.42   8.838898   0.00660836  -3.382204
  12.575410   10042.02   8.838991   0.00660765  -3.399580
  12.680280    9945.47   8.839078   0.00660700  -3.416448
  12.784630    9845.33   8.839157   0.00660639  -3.434110
  12.890440    9745.72   8.839228   0.00660585  -3.451846
  12.991800    9649.02   8.839292   0.00660537  -3.469231
  13.091410    9553.96   8.839352   0.00660491  -3.486492
  13.189730    9461.31   8.839407   0.00660449  -3.503475
  13.289380    9368.11   8.839460   0.00660409  -3.520725
  13.401080    9269.40   8.839516   0.00660366  -3.539182
  13.506470    9173.62   8.839575   0.00660321  -3.557286
  13.607450    9082.40   8.839630   0.00660279  -3.574700
  13.709210    8992.37   8.839689   0.00660235  -3.592066
  13.812080    8902.29   8.839750   0.00660189  -3.609615
  13.908920    8814.24   8.839810   0.00660143  -3.626944
  14.005980    8725.55   8.839868   0.00660098  -3.644570
  14.102070    8638.60   8.839923   0.00660057  -3.662022
  14.204140    8551.66   8.839976   0.00660017  -3.679648
  14.305120    8461.96   8.840030   0.00659976  -3.698020
  14.400960    8379.18   8.840080   0.00659938  -3.715146
  14.498620    8295.71   8.840130   0.00659900  -3.732589
  14.595920    8213.56   8.840178   0.00659863  -3.749925
  14.693290    8132.46   8.840225   0.00659827  -3.767211
  14.790630    8052.54   8.840272   0.00659792  -3.784414
  14.887930    7973.76   8.840317   0.00659757  -3.801539
  14.979310    7896.08   8.840364   0.00659722  -3.818591
  15.075280    7819.94   8.840407   0.00659689  -3.835465
  15.165590    7745.23   8.840452   0.00659655  -3.852189
  15.255030    7671.32   8.840495   0.00659622  -3.868887
  15.342880    7600.68   8.840537   0.00659591  -3.885001
  15.430220    7529.10   8.840577   0.00659560  -3.901477
  15.509760    7462.34   8.840618   0.00659529  -3.916990
  15.588390    7394.60   8.840657   0.00659499  -3.932871
  15.667980    7332.74   8.840693   0.00659472  -3.947501
  15.743310    7271.60   8.840732   0.00659443  -3.962085
  15.820940    7213.20   8.840767   0.00659416  -3.976127
  15.893060    7156.63   8.840804   0.00659388  -3.989844
  15.963700    7101.52   8.840839   0.00659361  -4.003308
  16.036890    7048.74   8.840873   0.00659335  -4.016300
  16.105100    6997.10   8.840906   0.00659311  -4.029107
  16.172600    6947.12   8.840938   0.00659286  -4.041593
  16.239710    6898.41   8.840971   0.00659261  -4.053847
  16.306100    6851.28   8.841003   0.00659237  -4.065789
  16.371680    6805.47   8.841037   0.00659211  -4.077477
  16.431730    6761.31   8.841069   0.00659187  -4.088819
  16.493810    6720.43   8.841098   0.00659165  -4.099382
  16.556770    6680.47   8.841127   0.00659143  -4.109772
  16.619540    6641.61   8.841154   0.00659122  -4.119933
  16.681700    6603.95   8.841182   0.00659101  -4.129840
  16.739390    6567.16   8.841209   0.00659081  -4.139572
  16.799720    6532.30   8.841233   0.00659062  -4.148842
  16.860940    6497.89   8.841258   0.00659044  -4.158041
  16.922330    6463.89   8.841283   0.00659024  -4.167180
  16.979560    6430.57   8.841307   0.00659006  -4.176183
  17.039980    6398.21   8.841331   0.00658988  -4.184970
  17.100760    6366.40   8.841355   0.00658970  -4.193652
  17.161520    6335.10   8.841379   0.00658951  -4.202237
  17.221770    6304.60   8.841405   0.00658931  -4.210648
  17.277690    6275.26   8.841430   0.00658913  -4.218776
  17.336870    6246.44   8.841455   0.00658894  -4.226796
  17.395120    6218.62   8.841478   0.00658876  -4.234576
  17.452810    6191.32   8.841501   0.00658859  -4.242243
  17.509700    6164.52   8.841524   0.00658842  -4.249800
  17.565840    6138.02   8.841545   0.00658826  -4.257304
  17.621300    6111.67   8.841566   0.00658810  -4.264799
  17.676110    6085.37   8.841587   0.00658794  -4.272313
  17.730270    6059.08   8.841607   0.00658779  -4.279852
  17.783780    6032.86   8.841626   0.00658764  -4.287407
  17.836620    6006.72   8.841646   0.00658749  -4.294970
  17.888720    5980.75   8.841665   0.00658735  -4.302515
