- M = 1.15 Mo
- log q(H) = -10.0
- log q(He) = -6.0
- X(O) = 0.50
- X(Ne) = 0.025
- Partial distillation
 
    t (Gyr)     Teff      log g        R/Ro      log L/Lo
  --------------------------------------------------------
   0.000000   66001.03   8.886453   0.00639689  -0.156818
   0.000100   65028.39   8.889042   0.00637785  -0.185198
   0.000172   63902.49   8.890580   0.00636657  -0.217076
   0.000252   62451.01   8.892013   0.00635608  -0.258423
   0.000339   60874.50   8.893351   0.00634629  -0.304177
   0.000437   59258.33   8.894621   0.00633702  -0.352191
   0.000550   57652.29   8.895838   0.00632814  -0.401140
   0.000684   56086.20   8.897011   0.00631961  -0.450154
   0.000845   54597.66   8.898129   0.00631148  -0.498001
   0.001040   53211.84   8.899188   0.00630378  -0.543723
   0.001282   51934.07   8.900195   0.00629648  -0.586953
   0.001588   50766.76   8.901153   0.00628954  -0.627403
   0.001983   49708.42   8.902066   0.00628294  -0.664914
   0.002499   48751.73   8.902940   0.00627662  -0.699547
   0.003179   47881.40   8.903788   0.00627049  -0.731689
   0.004070   47074.48   8.904633   0.00626439  -0.762059
   0.005224   46303.68   8.905489   0.00625822  -0.791595
   0.006683   45544.10   8.906355   0.00625199  -0.821194
   0.008483   44779.30   8.907219   0.00624577  -0.851478
   0.010609   44013.85   8.908044   0.00623984  -0.882254
   0.013067   43247.38   8.908830   0.00623420  -0.913558
   0.015866   42481.47   8.909586   0.00622878  -0.945355
   0.019025   41717.12   8.910319   0.00622352  -0.977630
   0.022562   40954.91   8.911037   0.00621837  -1.010382
   0.026484   40197.66   8.911737   0.00621337  -1.043501
   0.030787   39448.74   8.912406   0.00620859  -1.076841
   0.035467   38710.70   8.913049   0.00620399  -1.110293
   0.040512   37986.66   8.913672   0.00619954  -1.143716
   0.045950   37273.57   8.914280   0.00619520  -1.177244
   0.051802   36570.11   8.914879   0.00619093  -1.210942
   0.058039   35881.23   8.915473   0.00618670  -1.244571
   0.064658   35207.58   8.916054   0.00618256  -1.278078
   0.071709   34544.46   8.916621   0.00617852  -1.311676
   0.079163   33894.83   8.917166   0.00617466  -1.345200
   0.086981   33261.45   8.917679   0.00617101  -1.378482
   0.095239   32638.73   8.918162   0.00616758  -1.411797
   0.103919   32029.33   8.918620   0.00616433  -1.444996
   0.112984   31436.12   8.919057   0.00616123  -1.477909
   0.122505   30855.30   8.919481   0.00615821  -1.510730
   0.132502   30286.59   8.919899   0.00615525  -1.543465
   0.143050   29727.22   8.920318   0.00615228  -1.576269
   0.154124   29179.26   8.920729   0.00614937  -1.609000
   0.165763   28641.33   8.921126   0.00614657  -1.641721
   0.177906   28117.47   8.921508   0.00614386  -1.674171
   0.190719   27601.35   8.921883   0.00614121  -1.706729
   0.204077   27099.26   8.922249   0.00613863  -1.738986
   0.218041   26608.55   8.922611   0.00613607  -1.771094
   0.232700   26128.28   8.922977   0.00613348  -1.803101
   0.248118   25656.05   8.923336   0.00613094  -1.835145
   0.264120   25197.83   8.923684   0.00612849  -1.866798
   0.281130   24742.57   8.924024   0.00612609  -1.898812
   0.298827   24299.26   8.924349   0.00612380  -1.930544
   0.317105   23870.73   8.924654   0.00612165  -1.961759
   0.336409   23447.60   8.924956   0.00611952  -1.993131
   0.356675   23032.75   8.925262   0.00611737  -2.024446
   0.377931   22626.24   8.925567   0.00611522  -2.055686
   0.400035   22231.33   8.925866   0.00611311  -2.086572
   0.423411   21841.32   8.926159   0.00611105  -2.117611
   0.447556   21464.48   8.926435   0.00610911  -2.148122
   0.472978   21093.03   8.926695   0.00610728  -2.178707
   0.499525   20730.06   8.926946   0.00610551  -2.209112
   0.527115   20377.09   8.927193   0.00610378  -2.239192
   0.556113   20029.95   8.927438   0.00610206  -2.269286
   0.586578   19688.86   8.927678   0.00610038  -2.299364
   0.618225   19357.49   8.927910   0.00609874  -2.329082
   0.651444   19032.38   8.928136   0.00609716  -2.358732
   0.686367   18712.82   8.928346   0.00609568  -2.388357
   0.722782   18401.25   8.928536   0.00609435  -2.417715
   0.760741   18097.78   8.928711   0.00609312  -2.446778
   0.801479   17794.15   8.928882   0.00609192  -2.476341
   0.843946   17499.26   8.929051   0.00609074  -2.505540
   0.888775   17209.60   8.929224   0.00608952  -2.534709
   0.935265   16930.19   8.929408   0.00608824  -2.563328
   0.983417   16660.95   8.929602   0.00608688  -2.591370
   1.033603   16399.68   8.929801   0.00608548  -2.619027
   1.086332   16144.10   8.930004   0.00608406  -2.646516
   1.140676   15898.56   8.930200   0.00608269  -2.673336
   1.196820   15661.84   8.930386   0.00608138  -2.699582
   1.286820   15324.77   8.930638   0.00607962  -2.737630
   1.376820   15070.99   8.930817   0.00607837  -2.766817
   1.466820   14917.93   8.930934   0.00607755  -2.784668
   1.556820   14822.47   8.931020   0.00607695  -2.795905
   1.646820   14779.82   8.931080   0.00607638  -2.800954
   1.736820   14775.16   8.931123   0.00607608  -2.801545
   1.826820   14763.10   8.931169   0.00607576  -2.803009
   1.916820   14749.26   8.931216   0.00607543  -2.804687
   2.006820   14733.09   8.931265   0.00607509  -2.806641
   2.096820   14715.72   8.931314   0.00607475  -2.808738
   2.186820   14708.03   8.931358   0.00607444  -2.809691
   2.276820   14697.08   8.931404   0.00607412  -2.811031
   2.366820   14680.32   8.931453   0.00607377  -2.813062
   2.456820   14663.25   8.931502   0.00607343  -2.815132
   2.546820   14646.23   8.931551   0.00607309  -2.817198
   2.636820   14633.55   8.931598   0.00607276  -2.818750
   2.726820   14624.50   8.931643   0.00607244  -2.819871
   2.816820   14615.80   8.931688   0.00607213  -2.820949
   2.906820   14604.65   8.931734   0.00607181  -2.822321
   2.996820   14593.05   8.931781   0.00607148  -2.823747
   3.086820   14584.63   8.931825   0.00607117  -2.824795
   3.176820   14574.18   8.931871   0.00607085  -2.826086
   3.266820   14564.55   8.931917   0.00607053  -2.827279
   3.356820   14554.44   8.931962   0.00607021  -2.828531
   3.446820   14547.24   8.932007   0.00606990  -2.829436
   3.536820   14541.44   8.932050   0.00606960  -2.830171
   3.626820   14532.46   8.932096   0.00606928  -2.831291
   3.716820   14520.62   8.932142   0.00606896  -2.832753
   3.806820   14515.19   8.932186   0.00606865  -2.833446
   3.896820   14510.44   8.932229   0.00606835  -2.834058
   3.986820   14504.66   8.932273   0.00606804  -2.834793
   4.076820   14500.34   8.932316   0.00606774  -2.835354
   4.166820   14491.97   8.932361   0.00606743  -2.836402
   4.256820   14479.44   8.932408   0.00606710  -2.837952
   4.346820   14476.17   8.932451   0.00606680  -2.838387
   4.436820   14470.46   8.932494   0.00606650  -2.839116
   4.526820   14464.41   8.932538   0.00606619  -2.839886
   4.616820   14456.98   8.932583   0.00606588  -2.840824
   4.706820   14448.12   8.932628   0.00606556  -2.841934
   4.796820   14446.50   8.932670   0.00606527  -2.842171
   4.886820   14447.20   8.932711   0.00606499  -2.842127
   4.976820   14440.21   8.932755   0.00606468  -2.843012
   5.066820   14427.88   8.932802   0.00606435  -2.844543
   5.156820   14410.90   8.932850   0.00606401  -2.846637
   5.246820   14390.69   8.932901   0.00606366  -2.849125
   5.336820   14380.68   8.932946   0.00606334  -2.850379
   5.426820   14374.45   8.932990   0.00606303  -2.851176
   5.516820   14368.37   8.933034   0.00606273  -2.851955
   5.606820   14359.88   8.933079   0.00606241  -2.853027
   5.696820   14350.14   8.933125   0.00606209  -2.854252
   5.786820   14331.05   8.933175   0.00606174  -2.856614
   5.876820   14325.52   8.933218   0.00606144  -2.857327
   5.966820   14301.91   8.933271   0.00606108  -2.860245
   6.056820   14277.02   8.933323   0.00606071  -2.863323
   6.146820   14266.67   8.933369   0.00606039  -2.864630
   6.236820   14220.19   8.933431   0.00605996  -2.870360
   6.326820   14189.12   8.933485   0.00605958  -2.874215
   6.371820   14129.36   8.933554   0.00605910  -2.881615
   6.412581   13968.80   8.933666   0.00605832  -2.901581
   6.453116   13839.56   8.933768   0.00605775  -2.917846
   6.493157   13721.31   8.933869   0.00605705  -2.932854
   6.533698   13607.34   8.933973   0.00605632  -2.947448
   6.577248   13489.72   8.934083   0.00605556  -2.962639
   6.619008   13380.37   8.934189   0.00605482  -2.976884
   6.663706   13271.78   8.934294   0.00605409  -2.991145
   6.708743   13166.77   8.934395   0.00605338  -3.005046
   6.757255   13058.15   8.934498   0.00605267  -3.019539
   6.810588   12951.49   8.934599   0.00605196  -3.033887
   6.866966   12847.21   8.934697   0.00605128  -3.048030
   6.927112   12741.79   8.934796   0.00605059  -3.062442
   6.986857   12637.43   8.934891   0.00604993  -3.076824
   7.054203   12532.54   8.934972   0.00604936  -3.091383
   7.122847   12430.82   8.935058   0.00604876  -3.105627
   7.191310   12328.92   8.935140   0.00604819  -3.120007
   7.259547   12229.40   8.935222   0.00604762  -3.134169
   7.327695   12128.08   8.935305   0.00604704  -3.148704
   7.398089   12031.73   8.935382   0.00604651  -3.162637
   7.469428   11934.29   8.935459   0.00604597  -3.176840
   7.541858   11833.62   8.935537   0.00604543  -3.191633
   7.615827   11732.73   8.935612   0.00604491  -3.206582
   7.696887   11626.19   8.935688   0.00604438  -3.222506
   7.777601   11525.49   8.935759   0.00604388  -3.237689
   7.858349   11423.25   8.935831   0.00604338  -3.253240
   7.942529   11319.96   8.935903   0.00604288  -3.269091
   8.025847   11215.46   8.935982   0.00604233  -3.285281
   8.107394   11111.30   8.936067   0.00604174  -3.301575
   8.186788   11010.48   8.936153   0.00604115  -3.317496
   8.266890   10910.15   8.936237   0.00604055  -3.333483
   8.347965   10809.64   8.936321   0.00603997  -3.349643
   8.429693   10707.65   8.936402   0.00603941  -3.366193
   8.514973   10601.04   8.936484   0.00603884  -3.383658
   8.599728   10497.22   8.936556   0.00603834  -3.400828
   8.676339   10399.16   8.936619   0.00603790  -3.417194
   8.762437   10294.93   8.936679   0.00603748  -3.434754
   8.848856   10192.91   8.936734   0.00603710  -3.452110
   8.936732   10090.13   8.936785   0.00603675  -3.469767
   9.024868    9988.19   8.936834   0.00603641  -3.487454
   9.108614    9886.88   8.936884   0.00603606  -3.505215
   9.187909    9791.21   8.936929   0.00603575  -3.522151
   9.267523    9696.94   8.936979   0.00603540  -3.539008
   9.348162    9602.08   8.937029   0.00603505  -3.556137
   9.428896    9508.16   8.937082   0.00603468  -3.573265
   9.510142    9414.65   8.937134   0.00603432  -3.590485
   9.591839    9321.62   8.937184   0.00603398  -3.607786
   9.673986    9228.97   8.937231   0.00603365  -3.625186
   9.751591    9137.62   8.937278   0.00603332  -3.642514
   9.829651    9044.18   8.937324   0.00603300  -3.660414
   9.911189    8954.16   8.937367   0.00603270  -3.677835
   9.989219    8864.23   8.937413   0.00603239  -3.695417
  10.067530    8776.11   8.937456   0.00603209  -3.712814
  10.147280    8685.08   8.937500   0.00603178  -3.730972
  10.225170    8597.36   8.937542   0.00603149  -3.748650
  10.307930    8509.14   8.937585   0.00603119  -3.766610
  10.389470    8418.36   8.937628   0.00603089  -3.785286
  10.466750    8334.19   8.937669   0.00603060  -3.802783
  10.544660    8250.11   8.937711   0.00603031  -3.820440
  10.621880    8167.53   8.937752   0.00603003  -3.837957
  10.694000    8086.62   8.937793   0.00602974  -3.855292
  10.770030    8006.37   8.937833   0.00602947  -3.872657
  10.845240    7928.14   8.937869   0.00602922  -3.889751
  10.915590    7851.47   8.937905   0.00602897  -3.906668
  10.989460    7775.69   8.937938   0.00602874  -3.923550
  11.057830    7702.82   8.937971   0.00602851  -3.939941
  11.129790    7629.97   8.938003   0.00602828  -3.956479
  11.195270    7561.19   8.938033   0.00602808  -3.972240
  11.260530    7493.61   8.938064   0.00602787  -3.987867
  11.324440    7428.30   8.938094   0.00602766  -4.003105
  11.386920    7365.27   8.938124   0.00602745  -4.017937
  11.447970    7304.45   8.938154   0.00602724  -4.032370
  11.507570    7245.83   8.938183   0.00602704  -4.046398
  11.566010    7189.03   8.938212   0.00602683  -4.060100
  11.623430    7133.85   8.938241   0.00602663  -4.073514
  11.676630    7080.52   8.938270   0.00602644  -4.086578
  11.732560    7028.10   8.938296   0.00602625  -4.099512
  11.787550    6977.49   8.938322   0.00602608  -4.112093
  11.841820    6928.38   8.938347   0.00602590  -4.124389
  11.895140    6881.08   8.938372   0.00602572  -4.136314
  11.944230    6836.30   8.938397   0.00602555  -4.147680
  11.995930    6792.96   8.938422   0.00602538  -4.158753
  12.046770    6751.58   8.938446   0.00602522  -4.169391
  12.094140    6712.36   8.938470   0.00602505  -4.179537
  12.144710    6673.39   8.938494   0.00602488  -4.189675
  12.194340    6636.14   8.938518   0.00602472  -4.199422
  12.243820    6599.83   8.938542   0.00602455  -4.208980
  12.293100    6564.35   8.938567   0.00602437  -4.218368
  12.342150    6528.15   8.938592   0.00602420  -4.227999
  12.391950    6493.70   8.938615   0.00602404  -4.237215
