- M = 1.15 Mo
- log q(H) = -10.0
- log q(He) = -6.0
- X(O) = 0.50
- X(Ne) = 0.025
- No distillation
 
    t (Gyr)     Teff      log g        R/Ro      log L/Lo
  --------------------------------------------------------
   0.000000   66001.03   8.886453   0.00639689  -0.156818
   0.000100   65028.39   8.889042   0.00637785  -0.185198
   0.000172   63902.49   8.890580   0.00636657  -0.217076
   0.000252   62451.01   8.892013   0.00635608  -0.258423
   0.000339   60874.50   8.893351   0.00634629  -0.304177
   0.000437   59258.33   8.894621   0.00633702  -0.352191
   0.000550   57652.29   8.895838   0.00632814  -0.401140
   0.000684   56086.20   8.897011   0.00631961  -0.450154
   0.000845   54597.66   8.898129   0.00631148  -0.498001
   0.001040   53211.84   8.899188   0.00630378  -0.543723
   0.001282   51934.07   8.900195   0.00629648  -0.586953
   0.001588   50766.76   8.901153   0.00628954  -0.627403
   0.001983   49708.42   8.902066   0.00628294  -0.664914
   0.002499   48751.73   8.902940   0.00627662  -0.699547
   0.003179   47881.40   8.903788   0.00627049  -0.731689
   0.004070   47074.48   8.904633   0.00626439  -0.762059
   0.005224   46303.68   8.905489   0.00625822  -0.791595
   0.006683   45544.10   8.906355   0.00625199  -0.821194
   0.008483   44779.30   8.907219   0.00624577  -0.851478
   0.010609   44013.85   8.908044   0.00623984  -0.882254
   0.013067   43247.38   8.908830   0.00623420  -0.913558
   0.015866   42481.47   8.909586   0.00622878  -0.945355
   0.019025   41717.12   8.910319   0.00622352  -0.977630
   0.022562   40954.91   8.911037   0.00621837  -1.010382
   0.026484   40197.66   8.911737   0.00621337  -1.043501
   0.030787   39448.74   8.912406   0.00620859  -1.076841
   0.035467   38710.70   8.913049   0.00620399  -1.110293
   0.040512   37986.66   8.913672   0.00619954  -1.143716
   0.045950   37273.57   8.914280   0.00619520  -1.177244
   0.051802   36570.11   8.914879   0.00619093  -1.210942
   0.058039   35881.23   8.915473   0.00618670  -1.244571
   0.064658   35207.58   8.916054   0.00618256  -1.278078
   0.071709   34544.46   8.916621   0.00617852  -1.311676
   0.079163   33894.83   8.917166   0.00617466  -1.345200
   0.086981   33261.45   8.917679   0.00617101  -1.378482
   0.095239   32638.73   8.918162   0.00616758  -1.411797
   0.103919   32029.33   8.918620   0.00616433  -1.444996
   0.112984   31436.12   8.919057   0.00616123  -1.477909
   0.122505   30855.30   8.919481   0.00615821  -1.510730
   0.132502   30286.59   8.919899   0.00615525  -1.543465
   0.143050   29727.22   8.920318   0.00615228  -1.576269
   0.154124   29179.26   8.920729   0.00614937  -1.609000
   0.165763   28641.33   8.921126   0.00614657  -1.641721
   0.177906   28117.47   8.921508   0.00614386  -1.674171
   0.190719   27601.35   8.921883   0.00614121  -1.706729
   0.204077   27099.26   8.922249   0.00613863  -1.738986
   0.218041   26608.55   8.922611   0.00613607  -1.771094
   0.232700   26128.28   8.922977   0.00613348  -1.803101
   0.248118   25656.05   8.923336   0.00613094  -1.835145
   0.264120   25197.83   8.923684   0.00612849  -1.866798
   0.281130   24742.57   8.924024   0.00612609  -1.898812
   0.298827   24299.26   8.924349   0.00612380  -1.930544
   0.317105   23870.73   8.924654   0.00612165  -1.961759
   0.336409   23447.60   8.924956   0.00611952  -1.993131
   0.356675   23032.75   8.925262   0.00611737  -2.024446
   0.377931   22626.24   8.925567   0.00611522  -2.055686
   0.400035   22231.33   8.925866   0.00611311  -2.086572
   0.423411   21841.32   8.926159   0.00611105  -2.117611
   0.447556   21464.48   8.926435   0.00610911  -2.148122
   0.472978   21093.03   8.926695   0.00610728  -2.178707
   0.499525   20730.06   8.926946   0.00610551  -2.209112
   0.527115   20377.09   8.927193   0.00610378  -2.239192
   0.556113   20029.95   8.927438   0.00610206  -2.269286
   0.586578   19688.86   8.927678   0.00610038  -2.299364
   0.618225   19357.49   8.927910   0.00609874  -2.329082
   0.651444   19032.38   8.928136   0.00609716  -2.358732
   0.686367   18712.82   8.928346   0.00609568  -2.388357
   0.722782   18401.25   8.928536   0.00609435  -2.417715
   0.760741   18097.78   8.928711   0.00609312  -2.446778
   0.801479   17794.15   8.928882   0.00609192  -2.476341
   0.843946   17499.26   8.929051   0.00609074  -2.505540
   0.888775   17209.60   8.929224   0.00608952  -2.534709
   0.935265   16930.19   8.929408   0.00608824  -2.563328
   0.983417   16660.95   8.929602   0.00608688  -2.591370
   1.033603   16399.68   8.929801   0.00608548  -2.619027
   1.086332   16144.10   8.930004   0.00608406  -2.646516
   1.140676   15898.56   8.930200   0.00608269  -2.673336
   1.196820   15661.84   8.930386   0.00608138  -2.699582
   1.264170   15423.73   8.930557   0.00608019  -2.726368
   1.343420   15195.66   8.930730   0.00607898  -2.752420
   1.433944   14978.94   8.930892   0.00607784  -2.777535
   1.536456   14770.41   8.931050   0.00607674  -2.802047
   1.645223   14572.91   8.931202   0.00607568  -2.825584
   1.753428   14392.44   8.931342   0.00607470  -2.847372
   1.857292   14230.61   8.931469   0.00607381  -2.867143
   1.955080   14088.50   8.931584   0.00607300  -2.884692
   2.046017   13959.89   8.931691   0.00607225  -2.900730
   2.133512   13839.65   8.931794   0.00607153  -2.915862
   2.219565   13722.69   8.931897   0.00607081  -2.930708
   2.304932   13608.05   8.932006   0.00607006  -2.945390
   2.387160   13496.08   8.932113   0.00606930  -2.959850
   2.468822   13387.36   8.932223   0.00606854  -2.974012
   2.552801   13278.04   8.932333   0.00606777  -2.988365
   2.637307   13170.77   8.932441   0.00606702  -3.002563
   2.722609   13065.00   8.932545   0.00606629  -3.016676
   2.804875   12964.39   8.932641   0.00606562  -3.030200
   2.888426   12862.40   8.932734   0.00606497  -3.044013
   2.979653   12753.35   8.932826   0.00606432  -3.058897
   3.065211   12648.88   8.932910   0.00606374  -3.073269
   3.151981   12543.17   8.932990   0.00606318  -3.087929
   3.239259   12439.67   8.933070   0.00606262  -3.102403
   3.330759   12337.70   8.933150   0.00606206  -3.116781
   3.419220   12238.37   8.933230   0.00606151  -3.130904
   3.512605   12135.90   8.933313   0.00606093  -3.145593
   3.598489   12034.69   8.933395   0.00606035  -3.160223
   3.682468   11936.26   8.933475   0.00605980  -3.174569
   3.773630   11838.30   8.933555   0.00605924  -3.188965
   3.867889   11737.37   8.933637   0.00605866  -3.203922
   3.958615   11633.46   8.933720   0.00605808  -3.219452
   4.045957   11532.71   8.933800   0.00605753  -3.234642
   4.140616   11430.87   8.933879   0.00605698  -3.250130
   4.229842   11329.85   8.933960   0.00605642  -3.265631
   4.319327   11225.90   8.934046   0.00605581  -3.281729
   4.415767   11120.84   8.934134   0.00605520  -3.298151
   4.507384   11020.27   8.934216   0.00605463  -3.314016
   4.603124   10916.01   8.934300   0.00605404  -3.330612
   4.691522   10814.72   8.934377   0.00605350  -3.346885
   4.784956   10710.96   8.934453   0.00605298  -3.363707
   4.871710   10610.95   8.934522   0.00605250  -3.380073
   4.961521   10506.38   8.934588   0.00605203  -3.397344
   5.048576   10405.58   8.934647   0.00605162  -3.414150
   5.133748   10307.56   8.934701   0.00605125  -3.430646
   5.222156   10204.33   8.934755   0.00605087  -3.448185
   5.310838   10100.30   8.934808   0.00605051  -3.466038
   5.398143    9997.49   8.934860   0.00605014  -3.483864
   5.482006    9899.45   8.934909   0.00604980  -3.501032
   5.567046    9799.40   8.934960   0.00604945  -3.518729
   5.644245    9704.75   8.935008   0.00604911  -3.535640
   5.722624    9605.87   8.935058   0.00604876  -3.553479
   5.805332    9508.14   8.935109   0.00604841  -3.571295
   5.882527    9412.37   8.935158   0.00604807  -3.588929
   5.963543    9316.76   8.935206   0.00604773  -3.606714
   6.042509    9218.29   8.935257   0.00604738  -3.625223
   6.119105    9123.54   8.935306   0.00604703  -3.643220
   6.194412    9029.09   8.935356   0.00604669  -3.661347
   6.268495    8937.46   8.935403   0.00604636  -3.679114
   6.342960    8845.76   8.935449   0.00604604  -3.697076
   6.417142    8755.75   8.935493   0.00604574  -3.714887
   6.486775    8666.77   8.935533   0.00604546  -3.732671
   6.556832    8576.88   8.935574   0.00604517  -3.750824
   6.632011    8486.96   8.935616   0.00604488  -3.769175
   6.705415    8400.84   8.935657   0.00604459  -3.786933
   6.779203    8315.01   8.935700   0.00604429  -3.804817
   6.848131    8231.70   8.935743   0.00604399  -3.822352
   6.921483    8147.84   8.935786   0.00604369  -3.840185
   6.992660    8063.38   8.935829   0.00604340  -3.858328
   7.064907    7982.60   8.935868   0.00604312  -3.875858
   7.131817    7905.34   8.935904   0.00604287  -3.892790
   7.199213    7828.09   8.935938   0.00604264  -3.909882
   7.269652    7751.88   8.935971   0.00604241  -3.926911
   7.334074    7679.95   8.936002   0.00604219  -3.943136
   7.398497    7608.61   8.936033   0.00604198  -3.959378
   7.462085    7539.03   8.936063   0.00604177  -3.975370
   7.524342    7471.75   8.936093   0.00604156  -3.990972
   7.585275    7406.72   8.936124   0.00604135  -4.006189
   7.644674    7344.12   8.936154   0.00604114  -4.020962
   7.702673    7283.76   8.936184   0.00604093  -4.035329
   7.759397    7225.46   8.936214   0.00604072  -4.049320
   7.814930    7169.10   8.936244   0.00604051  -4.062953
   7.866384    7115.92   8.936273   0.00604031  -4.075918
   7.918507    7061.65   8.936301   0.00604011  -4.089243
   7.972366    7009.39   8.936328   0.00603992  -4.102174
   8.025041    6959.17   8.936354   0.00603974  -4.114694
   8.076931    6910.69   8.936380   0.00603956  -4.126862
   8.127991    6864.16   8.936405   0.00603939  -4.138624
   8.175292    6820.66   8.936430   0.00603921  -4.149692
   8.225936    6777.19   8.936456   0.00603904  -4.160826
   8.275004    6736.28   8.936481   0.00603886  -4.171368
   8.323619    6696.88   8.936505   0.00603869  -4.181584
   8.371894    6657.71   8.936531   0.00603851  -4.191799
   8.418614    6620.59   8.936555   0.00603834  -4.201538
   8.467724    6583.90   8.936581   0.00603817  -4.211216
   8.515737    6548.74   8.936605   0.00603800  -4.220541
   8.563670    6514.31   8.936629   0.00603783  -4.229723
   8.611548    6480.52   8.936652   0.00603767  -4.238779
