- M = 1.15 Mo
- log q(H) = -10.0
- log q(He) = -6.0
- X(O) = 0.50
- X(Ne) = 0.060
- No distillation
 
    t (Gyr)     Teff      log g        R/Ro      log L/Lo
  --------------------------------------------------------
   0.000000   66000.95   8.903217   0.00627461  -0.173584
   0.000100   64993.35   8.905644   0.00625710  -0.202737
   0.000174   63813.73   8.907142   0.00624632  -0.236053
   0.000256   62322.46   8.908537   0.00623630  -0.278526
   0.000346   60724.17   8.909839   0.00622696  -0.324961
   0.000448   59096.87   8.911079   0.00621807  -0.373389
   0.000567   57490.18   8.912267   0.00620958  -0.422460
   0.000710   55932.08   8.913410   0.00620141  -0.471334
   0.000881   54475.03   8.914489   0.00619371  -0.518267
   0.001091   53126.27   8.915511   0.00618643  -0.562842
   0.001354   51890.36   8.916484   0.00617950  -0.604705
   0.001690   50768.14   8.917411   0.00617291  -0.643613
   0.002129   49755.41   8.918295   0.00616663  -0.679501
   0.002706   48840.95   8.919146   0.00616059  -0.712578
   0.003469   48004.55   8.919983   0.00615466  -0.743421
   0.004466   47219.46   8.920826   0.00614869  -0.772909
   0.005747   46457.32   8.921683   0.00614262  -0.802034
   0.007349   45696.11   8.922547   0.00613652  -0.831598
   0.009293   44927.29   8.923396   0.00613052  -0.861923
   0.011556   44158.21   8.924197   0.00612487  -0.892719
   0.014171   43383.67   8.924968   0.00611944  -0.924230
   0.017126   42612.50   8.925709   0.00611422  -0.956129
   0.020454   41841.75   8.926431   0.00610914  -0.988559
   0.024165   41075.09   8.927135   0.00610419  -1.021389
   0.028262   40314.91   8.927814   0.00609942  -1.054519
   0.032725   39566.89   8.928459   0.00609490  -1.087699
   0.037576   38829.61   8.929080   0.00609053  -1.120996
   0.042832   38102.51   8.929686   0.00608629  -1.154439
   0.048474   37389.06   8.930276   0.00608215  -1.187866
   0.054545   36685.89   8.930861   0.00607806  -1.221433
   0.061020   35997.31   8.931441   0.00607401  -1.254928
   0.067906   35322.96   8.932008   0.00607004  -1.288347
   0.075253   34659.09   8.932559   0.00606619  -1.321859
   0.083053   34006.94   8.933089   0.00606249  -1.355386
   0.091233   33372.33   8.933585   0.00605903  -1.388607
   0.099847   32751.63   8.934050   0.00605578  -1.421686
   0.108969   32141.26   8.934494   0.00605269  -1.454810
   0.118571   31544.29   8.934921   0.00604972  -1.487806
   0.128651   30962.01   8.935335   0.00604684  -1.520586
   0.139290   30391.01   8.935744   0.00604399  -1.553331
   0.150582   29828.36   8.936156   0.00604112  -1.586206
   0.162439   29279.11   8.936556   0.00603834  -1.618892
   0.174867   28743.99   8.936941   0.00603566  -1.651321
   0.188041   28216.80   8.937317   0.00603305  -1.683854
   0.201766   27706.21   8.937681   0.00603053  -1.715940
   0.216418   27199.95   8.938042   0.00602802  -1.748338
   0.231695   26710.10   8.938399   0.00602554  -1.780265
   0.247881   26228.58   8.938756   0.00602306  -1.812225
   0.264911   25757.77   8.939103   0.00602066  -1.844038
   0.282837   25297.88   8.939439   0.00601833  -1.875670
   0.301757   24846.79   8.939762   0.00601609  -1.907249
   0.321673   24406.15   8.940073   0.00601394  -1.938643
   0.342880   23971.11   8.940374   0.00601186  -1.970189
   0.365223   23546.74   8.940671   0.00600980  -2.001516
   0.389100   23127.86   8.940978   0.00600768  -2.033004
   0.413968   22724.40   8.941280   0.00600558  -2.063879
   0.440336   22329.31   8.941580   0.00600352  -2.094646
   0.468472   21940.23   8.941872   0.00600150  -2.125475
   0.498314   21559.38   8.942150   0.00599958  -2.156172
   0.529870   21187.45   8.942407   0.00599780  -2.186661
   0.563573   20821.44   8.942659   0.00599606  -2.217184
   0.599815   20459.74   8.942910   0.00599433  -2.247877
   0.638302   20106.96   8.943156   0.00599263  -2.278338
   0.678857   19765.87   8.943395   0.00599098  -2.308299
   0.722561   19429.47   8.943631   0.00598936  -2.338355
   0.768774   19104.25   8.943857   0.00598779  -2.367906
   0.818886   18782.45   8.944070   0.00598632  -2.397630
   0.872294   18470.00   8.944266   0.00598498  -2.426966
   0.929859   18164.11   8.944452   0.00598370  -2.456163
   0.991612   17866.74   8.944631   0.00598246  -2.485018
   1.058123   17577.26   8.944810   0.00598123  -2.513573
   1.130921   17292.07   8.944996   0.00597995  -2.542176
   1.209177   17016.83   8.945190   0.00597861  -2.570244
   1.294321   16748.79   8.945396   0.00597719  -2.598030
   1.388175   16485.37   8.945611   0.00597572  -2.625784
   1.490360   16230.24   8.945827   0.00597423  -2.653095
   1.601635   15983.63   8.946040   0.00597277  -2.679906
   1.735100   15796.55   8.946190   0.00597173  -2.700509
   1.908665   15562.71   8.946415   0.00597019  -2.726642
   2.115385   15341.14   8.946635   0.00596868  -2.751772
   2.370009   15119.10   8.946866   0.00596709  -2.777330
   2.653252   14905.19   8.947098   0.00596550  -2.802315
   2.955921   14701.02   8.947326   0.00596393  -2.826505
   3.277594   14507.08   8.947551   0.00596238  -2.849799
   3.586441   14329.64   8.947758   0.00596096  -2.871385
   3.864926   14177.70   8.947939   0.00595973  -2.890083
   4.117030   14042.87   8.948100   0.00595862  -2.906844
   4.347270   13916.25   8.948252   0.00595758  -2.922730
   4.574122   13795.96   8.948400   0.00595656  -2.937961
   4.805330   13674.00   8.948555   0.00595549  -2.953541
   5.009580   13563.13   8.948697   0.00595452  -2.967825
   5.211314   13452.82   8.948840   0.00595354  -2.982155
   5.409053   13343.77   8.948980   0.00595258  -2.996433
   5.599099   13238.16   8.949114   0.00595167  -3.010371
   5.770492   13135.26   8.949237   0.00595082  -3.024051
   5.939757   13031.50   8.949357   0.00595000  -3.037947
   6.101540   12930.36   8.949469   0.00594923  -3.051595
   6.268630   12821.61   8.949580   0.00594847  -3.066378
   6.429244   12715.76   8.949682   0.00594777  -3.080880
   6.602342   12604.57   8.949785   0.00594707  -3.096240
   6.752641   12502.09   8.949878   0.00594643  -3.110515
   6.901924   12397.05   8.949974   0.00594578  -3.125269
   7.038883   12297.88   8.950064   0.00594516  -3.139311
   7.169591   12195.83   8.950157   0.00594453  -3.153878
   7.293020   12097.74   8.950245   0.00594392  -3.167995
   7.423155   11999.81   8.950334   0.00594331  -3.182204
   7.542351   11901.15   8.950421   0.00594272  -3.196633
   7.665010   11800.44   8.950509   0.00594212  -3.211483
   7.778417   11700.52   8.950594   0.00594153  -3.226341
   7.895204   11598.77   8.950678   0.00594096  -3.241598
   8.003713   11496.82   8.950760   0.00594040  -3.257016
   8.120609   11389.29   8.950849   0.00593979  -3.273431
   8.222921   11287.81   8.950934   0.00593921  -3.289062
   8.331617   11182.02   8.951023   0.00593860  -3.305510
   8.429278   11079.10   8.951107   0.00593802  -3.321658
   8.524569   10975.91   8.951189   0.00593746  -3.337996
   8.618949   10869.23   8.951272   0.00593690  -3.355044
   8.707247   10769.01   8.951344   0.00593640  -3.371209
   8.800232   10664.85   8.951415   0.00593592  -3.388164
   8.883822   10566.17   8.951478   0.00593549  -3.404375
   8.967080   10465.61   8.951536   0.00593509  -3.421045
   9.048431   10365.52   8.951590   0.00593472  -3.437794
   9.128521   10265.18   8.951641   0.00593437  -3.454743
   9.202318   10166.13   8.951691   0.00593403  -3.471636
   9.274995   10065.88   8.951741   0.00593369  -3.488903
   9.345587    9967.86   8.951789   0.00593336  -3.505949
   9.419530    9869.84   8.951837   0.00593304  -3.523165
   9.492322    9773.54   8.951884   0.00593271  -3.540245
   9.560419    9679.14   8.951931   0.00593239  -3.557152
   9.629603    9584.76   8.951980   0.00593206  -3.574223
   9.699369    9489.14   8.952026   0.00593174  -3.591687
   9.768720    9395.84   8.952072   0.00593143  -3.608899
   9.838960    9302.18   8.952119   0.00593111  -3.626348
   9.909370    9209.25   8.952166   0.00593079  -3.643836
   9.980104    9116.80   8.952213   0.00593047  -3.661411
  10.051060    9024.99   8.952259   0.00593016  -3.679039
  10.122340    8933.67   8.952304   0.00592985  -3.696751
  10.193660    8843.32   8.952346   0.00592956  -3.714452
  10.265350    8753.38   8.952386   0.00592929  -3.732250
  10.337070    8664.33   8.952425   0.00592902  -3.750052
  10.408850    8576.05   8.952464   0.00592875  -3.767883
  10.476340    8489.54   8.952504   0.00592848  -3.785535
  10.548380    8402.26   8.952545   0.00592820  -3.803527
  10.615410    8318.97   8.952585   0.00592793  -3.820876
  10.683460    8233.24   8.952626   0.00592765  -3.838911
  10.750280    8151.58   8.952666   0.00592738  -3.856266
  10.817130    8069.14   8.952704   0.00592712  -3.873964
  10.882950    7989.60   8.952740   0.00592687  -3.891208
  10.952390    7910.21   8.952774   0.00592664  -3.908590
  11.016280    7834.75   8.952806   0.00592642  -3.925273
  11.080560    7759.39   8.952837   0.00592621  -3.942094
  11.143810    7686.08   8.952868   0.00592600  -3.958615
  11.206050    7614.76   8.952898   0.00592580  -3.974840
  11.267200    7545.44   8.952927   0.00592559  -3.990758
  11.327070    7478.35   8.952957   0.00592539  -4.006302
  11.385560    7413.54   8.952986   0.00592519  -4.021451
  11.442580    7351.12   8.953016   0.00592499  -4.036169
  11.498260    7290.90   8.953045   0.00592479  -4.050490
  11.552660    7232.76   8.953075   0.00592458  -4.064428
  11.606020    7176.40   8.953104   0.00592439  -4.078045
  11.658550    7121.60   8.953132   0.00592420  -4.091390
  11.710370    7068.24   8.953158   0.00592402  -4.104482
  11.761500    7016.39   8.953183   0.00592385  -4.117297
  11.808950    6967.32   8.953208   0.00592368  -4.129512
  11.859700    6917.95   8.953234   0.00592350  -4.141892
  11.908680    6871.47   8.953258   0.00592333  -4.153628
  11.956890    6826.94   8.953283   0.00592317  -4.164946
  12.004380    6784.35   8.953307   0.00592300  -4.175843
  12.051300    6743.21   8.953332   0.00592283  -4.186433
  12.097460    6704.34   8.953356   0.00592267  -4.196500
  12.143840    6666.21   8.953381   0.00592250  -4.206433
  12.189910    6629.28   8.953406   0.00592233  -4.216108
  12.235850    6593.30   8.953430   0.00592217  -4.225587
  12.281730    6558.10   8.953454   0.00592200  -4.234909
  12.327520    6522.58   8.953478   0.00592184  -4.244368
  12.374640    6487.91   8.953501   0.00592168  -4.253650
