- M = 1.20 Mo
- log q(H) = -10.0
- log q(He) = -6.0
- X(O) = 0.50
- X(Ne) = 0.040
- Full distillation
 
    t (Gyr)     Teff      log g        R/Ro      log L/Lo
  --------------------------------------------------------
   0.000000   68000.92   9.010591   0.00566424  -0.210617
   0.000100   66752.36   9.012339   0.00565285  -0.244557
   0.000187   65226.91   9.013668   0.00564421  -0.286045
   0.000285   63493.92   9.014886   0.00563630  -0.334042
   0.000398   61733.67   9.016043   0.00562880  -0.384039
   0.000534   60035.49   9.017145   0.00562166  -0.433597
   0.000698   58471.87   9.018177   0.00561499  -0.480473
   0.000903   57051.54   9.019153   0.00560868  -0.524168
   0.001168   55778.45   9.020085   0.00560266  -0.564304
   0.001519   54650.48   9.020989   0.00559684  -0.600697
   0.001991   53655.25   9.021872   0.00559115  -0.633508
   0.002629   52767.29   9.022740   0.00558557  -0.663365
   0.003485   51950.14   9.023602   0.00558003  -0.691339
   0.004602   51164.20   9.024473   0.00557443  -0.718693
   0.006017   50377.99   9.025364   0.00556872  -0.746485
   0.007753   49573.32   9.026262   0.00556296  -0.775355
   0.009782   48762.09   9.027135   0.00555738  -0.804890
   0.012115   47941.23   9.027968   0.00555205  -0.835216
   0.014759   47114.41   9.028755   0.00554702  -0.866224
   0.017742   46282.69   9.029519   0.00554214  -0.897930
   0.021061   45453.35   9.030260   0.00553742  -0.930080
   0.024728   44627.95   9.030976   0.00553285  -0.962633
   0.028747   43809.85   9.031667   0.00552845  -0.995465
   0.033121   43000.38   9.032323   0.00552428  -1.028518
   0.037841   42203.30   9.032947   0.00552032  -1.061646
   0.042932   41416.50   9.033548   0.00551650  -1.094939
   0.048383   40643.51   9.034131   0.00551279  -1.128251
   0.054222   39881.91   9.034702   0.00550917  -1.161683
   0.060444   39134.01   9.035267   0.00550559  -1.195135
   0.067027   38403.29   9.035823   0.00550207  -1.228433
   0.074004   37686.76   9.036364   0.00549864  -1.261693
   0.081365   36986.10   9.036888   0.00549532  -1.294818
   0.089119   36300.47   9.037390   0.00549215  -1.327825
   0.097286   35628.56   9.037867   0.00548913  -1.360759
   0.105883   34970.10   9.038319   0.00548628  -1.393616
   0.114921   34325.19   9.038745   0.00548358  -1.426378
   0.124440   33692.54   9.039153   0.00548101  -1.459102
   0.134454   33072.53   9.039548   0.00547852  -1.491763
   0.144929   32468.61   9.039936   0.00547607  -1.524165
   0.156040   31872.61   9.040328   0.00547360  -1.556742
   0.167650   31292.68   9.040715   0.00547116  -1.589029
   0.179959   30720.53   9.041099   0.00546874  -1.621469
   0.192779   30165.16   9.041472   0.00546640  -1.653534
   0.206209   29623.50   9.041837   0.00546410  -1.685376
   0.220375   29091.22   9.042194   0.00546185  -1.717231
   0.235225   28571.75   9.042542   0.00545966  -1.748879
   0.250978   28058.87   9.042886   0.00545750  -1.780690
   0.267390   27560.37   9.043208   0.00545548  -1.812153
   0.284647   27071.95   9.043513   0.00545356  -1.843519
   0.302829   26592.52   9.043806   0.00545173  -1.874852
   0.321857   26125.29   9.044087   0.00544997  -1.905926
   0.342073   25663.78   9.044364   0.00544823  -1.937166
   0.363201   25215.70   9.044643   0.00544648  -1.968043
   0.385797   24771.87   9.044944   0.00544459  -1.999194
   0.409786   24335.48   9.045261   0.00544260  -2.030386
   0.434996   23910.72   9.045579   0.00544061  -2.061293
   0.461285   23500.10   9.045886   0.00543869  -2.091692
   0.489367   23093.29   9.046180   0.00543685  -2.122321
   0.518735   22698.05   9.046442   0.00543521  -2.152572
   0.549938   22308.30   9.046679   0.00543372  -2.182898
   0.583177   21923.88   9.046906   0.00543230  -2.213321
   0.617730   21553.79   9.047121   0.00543096  -2.243110
   0.654393   21190.64   9.047330   0.00542966  -2.272838
   0.693574   20832.56   9.047538   0.00542835  -2.302652
   0.734659   20486.40   9.047743   0.00542707  -2.331965
   0.778739   20144.60   9.047949   0.00542578  -2.361399
   0.825086   19813.83   9.048146   0.00542455  -2.390357
   0.874334   19490.67   9.048338   0.00542336  -2.419115
   0.926709   19175.07   9.048525   0.00542219  -2.447661
   0.983228   18863.06   9.048711   0.00542103  -2.476348
   1.042770   18562.03   9.048895   0.00541988  -2.504477
   1.106971   18265.49   9.049080   0.00541872  -2.532639
   1.186971   17947.96   9.049290   0.00541741  -2.563314
   1.266971   17718.71   9.049459   0.00541636  -2.585815
   1.346971   17561.14   9.049593   0.00541553  -2.601467
   1.426971   17469.02   9.049694   0.00541490  -2.610705
   1.506971   17444.87   9.049760   0.00541435  -2.613157
   1.586971   17415.75   9.049829   0.00541393  -2.616128
   1.666971   17385.10   9.049898   0.00541349  -2.619258
   1.746971   17365.29   9.049963   0.00541309  -2.621302
   1.826971   17344.50   9.050027   0.00541269  -2.623448
   1.906971   17323.66   9.050092   0.00541229  -2.625601
   1.986971   17303.25   9.050157   0.00541188  -2.627714
   2.066971   17284.85   9.050221   0.00541148  -2.629626
   2.146971   17274.43   9.050281   0.00541111  -2.630734
   2.226971   17257.28   9.050344   0.00541072  -2.632522
   2.306971   17240.37   9.050407   0.00541032  -2.634288
   2.386971   17222.75   9.050471   0.00540993  -2.636128
   2.466971   17210.19   9.050532   0.00540955  -2.637457
   2.546971   17200.25   9.050592   0.00540917  -2.638520
   2.626971   17189.20   9.050652   0.00540880  -2.639697
   2.706971   17173.91   9.050715   0.00540841  -2.641306
   2.786971   17162.90   9.050775   0.00540803  -2.642480
   2.866971   17152.87   9.050835   0.00540766  -2.643555
   2.946971   17137.96   9.050897   0.00540727  -2.645128
   3.026971   17127.56   9.050958   0.00540690  -2.646243
   3.106971   17113.10   9.051020   0.00540651  -2.647773
   3.186971   17099.14   9.051081   0.00540613  -2.649252
   3.266971   17087.11   9.051142   0.00540575  -2.650536
   3.346971   17074.99   9.051203   0.00540537  -2.651829
   3.426971   17061.36   9.051265   0.00540499  -2.653278
   3.506971   17049.35   9.051325   0.00540461  -2.654562
   3.586971   17043.34   9.051383   0.00540425  -2.655232
   3.666971   17034.02   9.051443   0.00540388  -2.656242
   3.746971   17025.99   9.051502   0.00540351  -2.657120
   3.826971   17016.38   9.051562   0.00540314  -2.658160
   3.906971   17006.95   9.051621   0.00540277  -2.659183
   3.986971   17000.21   9.051680   0.00540240  -2.659931
   4.066971   16993.38   9.051738   0.00540204  -2.660687
   4.146971   16984.76   9.051798   0.00540167  -2.661627
   4.226971   16976.49   9.051857   0.00540130  -2.662533
   4.306971   16966.83   9.051917   0.00540093  -2.663581
   4.386971   16962.15   9.051974   0.00540057  -2.664118
   4.466971   16957.64   9.052031   0.00540022  -2.664637
   4.546971   16948.17   9.052091   0.00539984  -2.665667
   4.626971   16937.71   9.052151   0.00539947  -2.666800
   4.706971   16928.28   9.052211   0.00539910  -2.667827
   4.786971   16921.23   9.052269   0.00539874  -2.668610
   4.866971   16912.43   9.052329   0.00539837  -2.669573
   4.946971   16904.39   9.052387   0.00539800  -2.670457
   5.026971   16900.16   9.052444   0.00539765  -2.670949
   5.106971   16899.17   9.052500   0.00539730  -2.671107
   5.186971   16892.41   9.052558   0.00539694  -2.671860
   5.266971   16881.22   9.052619   0.00539657  -2.673071
   5.346971   16871.62   9.052678   0.00539620  -2.674119
   5.426971   16861.28   9.052738   0.00539582  -2.675244
   5.506971   16853.00   9.052797   0.00539546  -2.676156
   5.586971   16844.94   9.052855   0.00539510  -2.677045
   5.666971   16837.05   9.052914   0.00539473  -2.677917
   5.746971   16834.83   9.052970   0.00539439  -2.678202
   5.826971   16829.95   9.053027   0.00539403  -2.678763
   5.906971   16823.83   9.053084   0.00539367  -2.679452
   5.986971   16823.28   9.053139   0.00539333  -2.679564
   6.066971   16821.81   9.053195   0.00539299  -2.679772
   6.146971   16819.75   9.053250   0.00539264  -2.680040
   6.226971   16819.60   9.053305   0.00539230  -2.680110
   6.306971   16811.85   9.053364   0.00539194  -2.680969
   6.386971   16810.27   9.053419   0.00539159  -2.681188
   6.466971   16804.61   9.053477   0.00539124  -2.681831
   6.546971   16799.80   9.053534   0.00539088  -2.682385
   6.626971   16796.86   9.053590   0.00539053  -2.682745
   6.706971   16800.44   9.053643   0.00539020  -2.682428
   6.786971   16796.47   9.053700   0.00538985  -2.682895
   6.866971   16789.24   9.053758   0.00538949  -2.683702
   6.946971   16793.44   9.053811   0.00538916  -2.683320
   7.026971   16790.61   9.053867   0.00538881  -2.683669
   7.106971   16785.25   9.053925   0.00538846  -2.684281
   7.186971   16777.18   9.053983   0.00538809  -2.685175
   7.266971   16765.44   9.054043   0.00538772  -2.686451
   7.346971   16753.28   9.054103   0.00538735  -2.687771
   7.426971   16743.91   9.054162   0.00538698  -2.688803
   7.506971   16737.23   9.054220   0.00538663  -2.689553
   7.586971   16734.54   9.054275   0.00538628  -2.689888
   7.666971   16734.30   9.054330   0.00538594  -2.689967
   7.746971   16725.42   9.054389   0.00538558  -2.690949
   7.826971   16721.37   9.054445   0.00538523  -2.691425
   7.906971   16733.39   9.054494   0.00538493  -2.690226
   7.986971   16738.96   9.054546   0.00538461  -2.689699
   8.066971   16733.13   9.054603   0.00538425  -2.690362
   8.146971   16731.15   9.054659   0.00538391  -2.690623
   8.226971   16730.61   9.054714   0.00538356  -2.690735
   8.306971   16726.85   9.054770   0.00538321  -2.691181
   8.386971   16712.18   9.054832   0.00538283  -2.692767
   8.466971   16709.99   9.054887   0.00538249  -2.693050
   8.546971   16707.26   9.054943   0.00538214  -2.693390
   8.626971   16716.20   9.054994   0.00538183  -2.692511
   8.706971   16717.87   9.055048   0.00538150  -2.692391
   8.786971   16717.89   9.055102   0.00538116  -2.692445
   8.866971   16718.82   9.055157   0.00538082  -2.692402
   8.946971   16715.30   9.055213   0.00538047  -2.692824
   9.026971   16709.23   9.055271   0.00538011  -2.693512
   9.106971   16699.14   9.055330   0.00537975  -2.694621
   9.186971   16686.85   9.055390   0.00537937  -2.695960
   9.266971   16671.18   9.055451   0.00537899  -2.697654
   9.346971   16657.65   9.055512   0.00537862  -2.699124
   9.426971   16644.98   9.055571   0.00537825  -2.700506
   9.506971   16628.64   9.055632   0.00537787  -2.702273
   9.586971   16618.47   9.055691   0.00537751  -2.703394
   9.666971   16603.69   9.055751   0.00537714  -2.705000
   9.746971   16593.00   9.055809   0.00537678  -2.706176
   9.826971   16580.25   9.055867   0.00537642  -2.707571
   9.906971   16566.48   9.055926   0.00537605  -2.709073
   9.986971   16548.39   9.055987   0.00537568  -2.711032
  10.066970   16536.97   9.056045   0.00537532  -2.712289
  10.146970   16523.54   9.056103   0.00537496  -2.713758
  10.226970   16501.73   9.056165   0.00537458  -2.716115
  10.306970   16485.55   9.056224   0.00537421  -2.717879
  10.386970   16474.22   9.056281   0.00537386  -2.719130
  10.466970   16464.97   9.056337   0.00537351  -2.720161
  10.546970   16457.51   9.056392   0.00537318  -2.721002
  10.626970   16446.85   9.056448   0.00537283  -2.722184
  10.706970   16429.90   9.056507   0.00537246  -2.724035
  10.786970   16404.61   9.056569   0.00537208  -2.726773
  10.866970   16384.70   9.056631   0.00537170  -2.728945
  10.946970   16371.21   9.056689   0.00537133  -2.730434
  11.026970   16332.59   9.056759   0.00537090  -2.734607
  11.106970   16317.73   9.056817   0.00537054  -2.736246
  11.186970   16294.32   9.056879   0.00537016  -2.738802
  11.266970   16276.79   9.056938   0.00536980  -2.740731
  11.346970   16240.47   9.057004   0.00536939  -2.744678
  11.426970   16205.15   9.057069   0.00536898  -2.748525
  11.506970   16174.55   9.057132   0.00536860  -2.751871
  11.586970   16143.13   9.057193   0.00536822  -2.755310
  11.666970   16130.05   9.057247   0.00536789  -2.756772
  11.746970   16115.64   9.057301   0.00536755  -2.758379
  11.826970   16101.80   9.057355   0.00536722  -2.759925
  11.906970   16086.93   9.057410   0.00536688  -2.761585
  11.986970   16065.01   9.057467   0.00536653  -2.764011
  12.066970   16033.44   9.057529   0.00536614  -2.767490
  12.146970   15984.76   9.057598   0.00536572  -2.772841
  12.196970   15909.93   9.057679   0.00536522  -2.781073
  12.252680   15747.79   9.057799   0.00536448  -2.798988
  12.309450   15512.48   9.057942   0.00536372  -2.825302
  12.368170   15288.75   9.058079   0.00536287  -2.850676
  12.429620   15070.83   9.058219   0.00536201  -2.875755
  12.489610   14867.71   9.058357   0.00536116  -2.899465
  12.549410   14677.70   9.058497   0.00536030  -2.921949
  12.605530   14505.67   9.058631   0.00535947  -2.942564
  12.657380   14354.86   9.058751   0.00535873  -2.960839
  12.704960   14216.47   9.058864   0.00535803  -2.977782
  12.748400   14091.76   9.058965   0.00535741  -2.993189
  12.794720   13969.53   9.059060   0.00535682  -3.008417
  12.846910   13849.79   9.059152   0.00535625  -3.023464
  12.902350   13727.39   9.059243   0.00535569  -3.038975
  12.957340   13609.44   9.059327   0.00535518  -3.054051
  13.007380   13498.55   9.059403   0.00535471  -3.068340
  13.059880   13388.93   9.059475   0.00535426  -3.082576
  13.111660   13276.91   9.059552   0.00535379  -3.097248
  13.163370   13174.13   9.059624   0.00535334  -3.110821
  13.216110   13066.39   9.059704   0.00535285  -3.125166
  13.268650   12960.30   9.059785   0.00535235  -3.139409
  13.324130   12850.70   9.059872   0.00535181  -3.154249
  13.381000   12741.74   9.059958   0.00535129  -3.169127
  13.445550   12634.51   9.060026   0.00535087  -3.183877
  13.510350   12536.89   9.060101   0.00535041  -3.197425
  13.572280   12435.91   9.060172   0.00534997  -3.211545
  13.641300   12335.23   9.060236   0.00534957  -3.225732
  13.705980   12235.44   9.060296   0.00534920  -3.239903
  13.777440   12134.34   9.060352   0.00534886  -3.254372
  13.843470   12034.99   9.060409   0.00534851  -3.268710
  13.909130   11936.20   9.060468   0.00534815  -3.283089
  13.983390   11832.27   9.060532   0.00534775  -3.298344
  14.051330   11730.78   9.060599   0.00534734  -3.313376
  14.118950   11629.71   9.060666   0.00534693  -3.328476
  14.183390   11527.60   9.060733   0.00534651  -3.343862
  14.251900   11423.64   9.060801   0.00534609  -3.359668
  14.319360   11322.79   9.060863   0.00534572  -3.375134
  14.388160   11219.73   9.060920   0.00534536  -3.391075
  14.456630   11117.97   9.060972   0.00534504  -3.406955
  14.525490   11016.30   9.061019   0.00534475  -3.422960
  14.594530   10915.28   9.061062   0.00534449  -3.439007
  14.663860   10814.70   9.061101   0.00534425  -3.455128
  14.733390   10714.66   9.061139   0.00534402  -3.471310
  14.803150   10611.63   9.061178   0.00534378  -3.488134
  14.866420   10513.87   9.061215   0.00534355  -3.504248
  14.930840   10415.78   9.061254   0.00534331  -3.520571
  14.995720   10315.82   9.061294   0.00534306  -3.537364
  15.067090   10214.00   9.061339   0.00534279  -3.554640
  15.131880   10117.38   9.061385   0.00534250  -3.571196
  15.196970   10019.87   9.061428   0.00534223  -3.588064
  15.261730    9924.67   9.061470   0.00534198  -3.604690
  15.327290    9827.01   9.061509   0.00534174  -3.621908
  15.391970    9732.40   9.061548   0.00534150  -3.638752
  15.457490    9637.00   9.061585   0.00534127  -3.655903
  15.522990    9542.19   9.061622   0.00534105  -3.673115
  15.588630    9447.69   9.061658   0.00534082  -3.690440
  15.654260    9353.72   9.061694   0.00534060  -3.707841
  15.719880    9260.31   9.061729   0.00534039  -3.725312
  15.785480    9167.55   9.061765   0.00534017  -3.742837
  15.851100    9073.68   9.061803   0.00533993  -3.760753
  15.911490    8982.99   9.061838   0.00533972  -3.778240
  15.976060    8893.28   9.061872   0.00533951  -3.795709
  16.037610    8803.88   9.061907   0.00533929  -3.813294
  16.098950    8712.73   9.061941   0.00533908  -3.831409
  16.159200    8625.76   9.061974   0.00533888  -3.848869
  16.219820    8536.64   9.062005   0.00533869  -3.866942
  16.279450    8451.40   9.062035   0.00533851  -3.884405
  16.339250    8364.30   9.062062   0.00533834  -3.902428
  16.397950    8280.36   9.062090   0.00533817  -3.919977
  16.456540    8198.16   9.062116   0.00533801  -3.937336
  16.514860    8114.83   9.062141   0.00533785  -3.955108
  16.572060    8034.64   9.062166   0.00533770  -3.972385
  16.628820    7955.59   9.062190   0.00533755  -3.989585
  16.688100    7876.79   9.062214   0.00533740  -4.006902
  16.741970    7802.34   9.062237   0.00533726  -4.023423
  16.795730    7728.52   9.062261   0.00533711  -4.039960
  16.848330    7656.72   9.062286   0.00533696  -4.056199
  16.899490    7587.36   9.062310   0.00533681  -4.072031
  16.949200    7520.48   9.062333   0.00533667  -4.087435
  16.997460    7456.09   9.062355   0.00533654  -4.102396
  17.044510    7393.88   9.062377   0.00533641  -4.116971
  17.090370    7333.83   9.062398   0.00533627  -4.131159
  17.135310    7275.58   9.062419   0.00533614  -4.145034
  17.179490    7218.88   9.062440   0.00533602  -4.158646
  17.222990    7163.65   9.062461   0.00533589  -4.172008
  17.265820    7109.96   9.062483   0.00533576  -4.185097
  17.305460    7059.59   9.062504   0.00533562  -4.197470
  17.345570    7008.48   9.062527   0.00533548  -4.210117
  17.386720    6959.60   9.062550   0.00533534  -4.222297
