- M = 1.20 Mo
- log q(H) = -10.0
- log q(He) = -6.0
- X(O) = 0.50
- X(Ne) = 0.025
- Partial distillation
 
    t (Gyr)     Teff      log g        R/Ro      log L/Lo
  --------------------------------------------------------
   0.000000   68000.98   9.002095   0.00571992  -0.202119
   0.000100   66763.19   9.003914   0.00570795  -0.235850
   0.000185   65258.70   9.005268   0.00569906  -0.276798
   0.000281   63540.36   9.006505   0.00569095  -0.324391
   0.000391   61789.54   9.007677   0.00568327  -0.374102
   0.000522   60080.20   9.008800   0.00567593  -0.423959
   0.000680   58501.18   9.009851   0.00566907  -0.471277
   0.000877   57060.62   9.010843   0.00566260  -0.515581
   0.001129   55763.66   9.011789   0.00565643  -0.556468
   0.001459   54609.89   9.012703   0.00565049  -0.593702
   0.001901   53589.79   9.013594   0.00564469  -0.627350
   0.002499   52681.73   9.014467   0.00563902  -0.657912
   0.003300   51852.31   9.015331   0.00563341  -0.686343
   0.004353   51062.87   9.016200   0.00562778  -0.713864
   0.005696   50279.92   9.017087   0.00562204  -0.741593
   0.007355   49482.06   9.017984   0.00561623  -0.770278
   0.009315   48674.52   9.018863   0.00561055  -0.799741
   0.011574   47859.19   9.019705   0.00560512  -0.829928
   0.014141   47037.04   9.020500   0.00559999  -0.860825
   0.017035   46211.21   9.021270   0.00559503  -0.892365
   0.020266   45385.41   9.022016   0.00559022  -0.924436
   0.023840   44563.39   9.022739   0.00558557  -0.956910
   0.027761   43748.02   9.023437   0.00558108  -0.989688
   0.032026   42941.98   9.024102   0.00557681  -1.022659
   0.036649   42144.88   9.024737   0.00557274  -1.055842
   0.041621   41360.39   9.025346   0.00556883  -1.089092
   0.046944   40589.38   9.025937   0.00556504  -1.122372
   0.052621   39832.35   9.026513   0.00556135  -1.155654
   0.058698   39084.95   9.027083   0.00555771  -1.189130
   0.065120   38354.99   9.027644   0.00555412  -1.222441
   0.071925   37638.76   9.028192   0.00555062  -1.255735
   0.079112   36936.92   9.028722   0.00554723  -1.288964
   0.086713   36247.06   9.029234   0.00554396  -1.322227
   0.094656   35575.54   9.029718   0.00554087  -1.355197
   0.102979   34919.31   9.030176   0.00553796  -1.387998
   0.111732   34275.30   9.030608   0.00553520  -1.420767
   0.120917   33644.55   9.031021   0.00553257  -1.453446
   0.130597   33024.24   9.031422   0.00553002  -1.486175
   0.140851   32411.44   9.031819   0.00552749  -1.519110
   0.151494   31818.24   9.032213   0.00552498  -1.551593
   0.162587   31241.00   9.032602   0.00552251  -1.583786
   0.174283   30672.87   9.032985   0.00552007  -1.616052
   0.186504   30118.00   9.033359   0.00551769  -1.648139
   0.199387   29572.01   9.033728   0.00551535  -1.680289
   0.212771   29042.35   9.034085   0.00551309  -1.712042
   0.226920   28518.57   9.034436   0.00551085  -1.744010
   0.241775   28005.58   9.034783   0.00550866  -1.775889
   0.257177   27507.58   9.035109   0.00550659  -1.807384
   0.273317   27019.34   9.035420   0.00550462  -1.838806
   0.290107   26543.71   9.035716   0.00550274  -1.869954
   0.307691   26077.76   9.036002   0.00550093  -1.901005
   0.326453   25613.28   9.036285   0.00549914  -1.932508
   0.346012   25161.15   9.036566   0.00549736  -1.963729
   0.366528   24719.19   9.036865   0.00549547  -1.994812
   0.388099   24285.91   9.037177   0.00549350  -2.025844
   0.410854   23859.71   9.037493   0.00549150  -2.056916
   0.434605   23444.77   9.037800   0.00548956  -2.087700
   0.459479   23038.77   9.038090   0.00548772  -2.118338
   0.485282   22644.36   9.038350   0.00548608  -2.148594
   0.512438   22255.70   9.038586   0.00548459  -2.178905
   0.540540   21879.45   9.038807   0.00548319  -2.208746
   0.569944   21511.09   9.039019   0.00548185  -2.238454
   0.601024   21147.25   9.039227   0.00548054  -2.268296
   0.633291   20794.39   9.039430   0.00547926  -2.297730
   0.667383   20446.59   9.039633   0.00547798  -2.327234
   0.703406   20104.01   9.039836   0.00547670  -2.356789
   0.740884   19771.56   9.040029   0.00547548  -2.385951
   0.780268   19445.79   9.040216   0.00547430  -2.414998
   0.821577   19127.34   9.040398   0.00547316  -2.443864
   0.864577   18818.33   9.040575   0.00547204  -2.472335
   0.909335   18518.48   9.040749   0.00547095  -2.500412
   0.956540   18223.91   9.040924   0.00546985  -2.528442
   1.036540   17792.49   9.041195   0.00546814  -2.570332
   1.116540   17482.79   9.041410   0.00546679  -2.601051
   1.196540   17308.53   9.041557   0.00546586  -2.618601
   1.276540   17239.14   9.041648   0.00546529  -2.625670
   1.356540   17198.22   9.041723   0.00546468  -2.629857
   1.436540   17168.64   9.041793   0.00546425  -2.632917
   1.516540   17139.34   9.041862   0.00546381  -2.635953
   1.596540   17107.63   9.041932   0.00546337  -2.639241
   1.676540   17097.23   9.041991   0.00546300  -2.640356
   1.756540   17080.10   9.042054   0.00546260  -2.642160
   1.836540   17086.60   9.042106   0.00546228  -2.641551
   1.916540   17070.17   9.042169   0.00546188  -2.643285
   1.996540   17057.85   9.042230   0.00546150  -2.644601
   2.076540   17044.95   9.042291   0.00546111  -2.645976
   2.156540   17035.46   9.042351   0.00546074  -2.647003
   2.236540   17016.70   9.042415   0.00546033  -2.648981
   2.316540   16999.96   9.042478   0.00545994  -2.650754
   2.396540   16990.82   9.042538   0.00545956  -2.651748
   2.476540   16977.11   9.042599   0.00545918  -2.653212
   2.556540   16961.46   9.042661   0.00545879  -2.654876
   2.636540   16954.35   9.042719   0.00545842  -2.655662
   2.716540   16943.71   9.042779   0.00545805  -2.656812
   2.796540   16927.55   9.042841   0.00545766  -2.658533
   2.876540   16913.38   9.042902   0.00545727  -2.660048
   2.956540   16905.32   9.042961   0.00545690  -2.660934
   3.036540   16893.03   9.043021   0.00545652  -2.662259
   3.116540   16883.16   9.043081   0.00545615  -2.663334
   3.196540   16871.60   9.043141   0.00545577  -2.664583
   3.276540   16864.66   9.043199   0.00545541  -2.665356
   3.356540   16862.88   9.043254   0.00545506  -2.665595
   3.436540   16860.71   9.043310   0.00545471  -2.665874
   3.516540   16862.23   9.043364   0.00545437  -2.665771
   3.596540   16855.99   9.043422   0.00545401  -2.666473
   3.676540   16846.07   9.043481   0.00545364  -2.667555
   3.756540   16835.61   9.043541   0.00545326  -2.668693
   3.836540   16819.34   9.043603   0.00545287  -2.670435
   3.916540   16798.82   9.043667   0.00545247  -2.672620
   3.996540   16767.85   9.043736   0.00545204  -2.675894
   4.076540   16753.83   9.043797   0.00545165  -2.677409
   4.156540   16745.46   9.043856   0.00545129  -2.678335
   4.236540   16732.56   9.043916   0.00545091  -2.679734
   4.316540   16719.90   9.043977   0.00545053  -2.681110
   4.396540   16710.72   9.044035   0.00545016  -2.682122
   4.476540   16706.50   9.044091   0.00544981  -2.682617
   4.556540   16697.41   9.044150   0.00544944  -2.683621
   4.636540   16686.63   9.044209   0.00544907  -2.684802
   4.716540   16679.88   9.044266   0.00544871  -2.685563
   4.796540   16678.94   9.044321   0.00544837  -2.685715
   4.876540   16656.54   9.044386   0.00544796  -2.688114
   4.956540   16653.55   9.044441   0.00544761  -2.688482
   5.036540   16656.13   9.044494   0.00544728  -2.688266
   5.116540   16639.74   9.044557   0.00544689  -2.690038
   5.196540   16624.54   9.044619   0.00544650  -2.691687
   5.276540   16597.77   9.044686   0.00544608  -2.694554
   5.356540   16487.08   9.044793   0.00544541  -2.706286
   5.406540   16322.01   9.044922   0.00544460  -2.723895
   5.460824   16114.86   9.045064   0.00544371  -2.746225
   5.514870   15881.23   9.045218   0.00544288  -2.771766
   5.571758   15646.17   9.045358   0.00544200  -2.797809
   5.631309   15417.41   9.045492   0.00544115  -2.823532
   5.693414   15190.42   9.045636   0.00544026  -2.849441
   5.763328   14976.31   9.045778   0.00543936  -2.874243
   5.842571   14772.61   9.045931   0.00543841  -2.898186
   5.920231   14582.88   9.046081   0.00543747  -2.920792
   5.999005   14411.43   9.046210   0.00543666  -2.941466
   6.064595   14276.85   9.046321   0.00543597  -2.957875
   6.131271   14142.45   9.046426   0.00543531  -2.974412
   6.192248   14013.55   9.046526   0.00543468  -2.990417
   6.250896   13894.27   9.046616   0.00543412  -3.005357
   6.305782   13779.65   9.046701   0.00543359  -3.019833
   6.361244   13663.74   9.046786   0.00543306  -3.034592
   6.415530   13553.43   9.046866   0.00543256  -3.048753
   6.470374   13444.95   9.046941   0.00543208  -3.062790
   6.529164   13334.95   9.047016   0.00543162  -3.077135
   6.586233   13225.62   9.047092   0.00543114  -3.091512
   6.644317   13116.73   9.047168   0.00543067  -3.105950
   6.703697   13007.92   9.047243   0.00543020  -3.120496
   6.764889   12898.65   9.047319   0.00542972  -3.135226
   6.821200   12794.18   9.047392   0.00542927  -3.149427
   6.877856   12690.21   9.047463   0.00542882  -3.163673
   6.941093   12585.39   9.047532   0.00542839  -3.178150
   6.999865   12485.33   9.047598   0.00542798  -3.192083
   7.059583   12382.93   9.047662   0.00542758  -3.206453
   7.121049   12279.62   9.047726   0.00542718  -3.221071
   7.180565   12181.56   9.047784   0.00542682  -3.235057
   7.243833   12076.81   9.047848   0.00542642  -3.250123
   7.306991   11973.83   9.047913   0.00542601  -3.265065
   7.368381   11874.58   9.047978   0.00542561  -3.279590
   7.433734   11767.66   9.048052   0.00542514  -3.295376
   7.499088   11667.51   9.048121   0.00542471  -3.310293
   7.565375   11566.78   9.048189   0.00542428  -3.325424
   7.632809   11464.72   9.048256   0.00542387  -3.340887
   7.692888   11362.45   9.048320   0.00542347  -3.356516
   7.756814   11256.93   9.048381   0.00542309  -3.372787
   7.822709   11151.50   9.048438   0.00542273  -3.389190
   7.887252   11049.00   9.048491   0.00542241  -3.405283
   7.947684   10948.31   9.048537   0.00542212  -3.421232
   8.016180   10841.52   9.048581   0.00542184  -3.438306
   8.085331   10735.59   9.048624   0.00542157  -3.455405
   8.155108   10629.35   9.048665   0.00542132  -3.472722
   8.217160   10531.44   9.048703   0.00542108  -3.488837
   8.280259   10429.83   9.048743   0.00542083  -3.505719
   8.341955   10332.43   9.048784   0.00542057  -3.522059
   8.408313   10235.05   9.048826   0.00542031  -3.538551
   8.471594   10137.32   9.048872   0.00542002  -3.555264
   8.534828   10039.65   9.048919   0.00541973  -3.572129
   8.597953    9943.15   9.048962   0.00541946  -3.588951
   8.661463    9846.88   9.049003   0.00541921  -3.605894
   8.728990    9749.98   9.049043   0.00541896  -3.623112
   8.792032    9655.69   9.049081   0.00541872  -3.640031
   8.852417    9560.80   9.049121   0.00541847  -3.657228
   8.912820    9464.29   9.049159   0.00541823  -3.674891
   8.975980    9371.33   9.049197   0.00541800  -3.692077
   9.040330    9277.67   9.049235   0.00541776  -3.709563
   9.104829    9184.37   9.049271   0.00541753  -3.727158
   9.165516    9092.85   9.049310   0.00541729  -3.744594
   9.226579    8999.24   9.049348   0.00541705  -3.762610
   9.290410    8908.69   9.049385   0.00541682  -3.780214
   9.350990    8818.65   9.049423   0.00541659  -3.797898
   9.415334    8728.39   9.049459   0.00541636  -3.815808
   9.475440    8640.26   9.049496   0.00541613  -3.833474
   9.539379    8551.44   9.049530   0.00541592  -3.851457
   9.598802    8465.35   9.049563   0.00541571  -3.869067
   9.662058    8377.65   9.049594   0.00541552  -3.887189
   9.719999    8294.32   9.049621   0.00541535  -3.904582
   9.778689    8210.65   9.049649   0.00541518  -3.922222
   9.836983    8129.08   9.049675   0.00541502  -3.939593
   9.894985    8046.65   9.049699   0.00541486  -3.957323
   9.951791    7967.36   9.049724   0.00541471  -3.974552
  10.008100    7889.30   9.049749   0.00541456  -3.991679
  10.063570    7812.96   9.049773   0.00541441  -4.008595
  10.121190    7737.25   9.049797   0.00541425  -4.025535
  10.173310    7666.59   9.049822   0.00541410  -4.041499
  10.225190    7596.64   9.049848   0.00541393  -4.057446
  10.275580    7529.33   9.049873   0.00541378  -4.072933
  10.324620    7464.41   9.049897   0.00541363  -4.087999
  10.372460    7401.72   9.049920   0.00541349  -4.102673
  10.419100    7341.26   9.049943   0.00541335  -4.116945
  10.464800    7282.65   9.049965   0.00541321  -4.130893
  10.509740    7225.64   9.049986   0.00541307  -4.144566
  10.554010    7170.13   9.050008   0.00541294  -4.157984
  10.597620    7116.15   9.050030   0.00541280  -4.171134
  10.640610    7063.71   9.050052   0.00541267  -4.184005
  10.680400    7014.86   9.050074   0.00541253  -4.196082
  10.720870    6965.42   9.050097   0.00541239  -4.208393
