- M = 1.20 Mo
- log q(H) = -6.0
- log q(He) = -3.0
- X(O) from Bauer (2023)
- X(Ne) = 0.030
- Partial distillation
 
    t (Gyr)     Teff      log g        R/Ro      log L/Lo
  --------------------------------------------------------
   0.000000   68001.01   8.995956   0.00576049  -0.195979
   0.000100   67501.32   8.996644   0.00575593  -0.209479
   0.000200   66786.48   8.997769   0.00574847  -0.229099
   0.000400   65382.99   8.999192   0.00573906  -0.267418
   0.000672   63866.38   9.000541   0.00573016  -0.309536
   0.001005   62535.25   9.001708   0.00572246  -0.347293
   0.001437   61363.72   9.002777   0.00571543  -0.381214
   0.002015   60322.21   9.003785   0.00570880  -0.411960
   0.002786   59379.55   9.004769   0.00570233  -0.440306
   0.003794   58489.88   9.005764   0.00569581  -0.467526
   0.005063   57612.67   9.006785   0.00568911  -0.494797
   0.006563   56736.49   9.007803   0.00568245  -0.522437
   0.008244   55867.08   9.008784   0.00567604  -0.550245
   0.010093   54990.84   9.009712   0.00566998  -0.578635
   0.012105   54106.44   9.010596   0.00566421  -0.607685
   0.014271   53221.94   9.011461   0.00565857  -0.637183
   0.016581   52338.13   9.012307   0.00565306  -0.667119
   0.019035   51458.15   9.013135   0.00564768  -0.697403
   0.021621   50585.53   9.013937   0.00564246  -0.727917
   0.024335   49722.16   9.014700   0.00563751  -0.758585
   0.027182   48868.57   9.015433   0.00563275  -0.789399
   0.030156   48028.93   9.016142   0.00562816  -0.820215
   0.033263   47201.28   9.016833   0.00562368  -0.851102
   0.036503   46387.74   9.017514   0.00561928  -0.881985
   0.039909   45582.49   9.018202   0.00561483  -0.913094
   0.043433   44796.49   9.018876   0.00561047  -0.943985
   0.047117   44020.33   9.019538   0.00560619  -0.975010
   0.050956   43255.58   9.020180   0.00560205  -1.006096
   0.054913   42509.27   9.020787   0.00559814  -1.036937
   0.059037   41772.43   9.021365   0.00559442  -1.067890
   0.063289   41053.08   9.021911   0.00559090  -1.098612
   0.067728   40342.28   9.022436   0.00558752  -1.129479
   0.072318   39646.92   9.022942   0.00558427  -1.160188
   0.077174   38952.15   9.023448   0.00558102  -1.191406
   0.082170   38277.46   9.023946   0.00557782  -1.222258
   0.087374   37613.51   9.024435   0.00557467  -1.253145
   0.092738   36967.04   9.024912   0.00557162  -1.283737
   0.098344   36328.68   9.025381   0.00556861  -1.314467
   0.104200   35698.77   9.025841   0.00556566  -1.345312
   0.110254   35083.39   9.026288   0.00556280  -1.375966
   0.116546   34479.26   9.026728   0.00555998  -1.406581
   0.123079   33886.03   9.027148   0.00555729  -1.437150
   0.129865   33302.69   9.027537   0.00555480  -1.467705
   0.136926   32728.85   9.027902   0.00555247  -1.498263
   0.144202   32170.48   9.028247   0.00555026  -1.528502
   0.151771   31622.91   9.028584   0.00554811  -1.558661
   0.159607   31089.01   9.028922   0.00554595  -1.588579
   0.167785   30565.22   9.029284   0.00554364  -1.618458
   0.176396   30046.55   9.029673   0.00554116  -1.648579
   0.185480   29531.36   9.030078   0.00553858  -1.679029
   0.194776   29033.28   9.030474   0.00553605  -1.708974
   0.204440   28542.91   9.030854   0.00553363  -1.738945
   0.214536   28057.34   9.031206   0.00553139  -1.769105
   0.224943   27582.82   9.031524   0.00552936  -1.799054
   0.235647   27120.68   9.031825   0.00552745  -1.828707
   0.246817   26664.35   9.032117   0.00552559  -1.858478
   0.258352   26218.45   9.032399   0.00552380  -1.888055
   0.270431   25776.82   9.032678   0.00552203  -1.917845
   0.283021   25341.52   9.032953   0.00552028  -1.947707
   0.296267   24908.49   9.033222   0.00551857  -1.977916
   0.309719   24492.30   9.033477   0.00551694  -2.007443
   0.323805   24080.03   9.033729   0.00551535  -2.037185
   0.338308   23678.38   9.033974   0.00551379  -2.066651
   0.363308   23053.92   9.034360   0.00551134  -2.113465
   0.388308   22531.54   9.034695   0.00550921  -2.153616
   0.413308   22151.69   9.034956   0.00550756  -2.183413
   0.438308   21894.13   9.035150   0.00550633  -2.203924
   0.463308   21743.44   9.035284   0.00550535  -2.216039
   0.488308   21657.85   9.035381   0.00550473  -2.222987
   0.513308   21600.82   9.035461   0.00550422  -2.227648
   0.538308   21564.17   9.035530   0.00550379  -2.230667
   0.563308   21556.18   9.035583   0.00550346  -2.231363
   0.588308   21539.77   9.035640   0.00550309  -2.232743
   0.613308   21531.01   9.035694   0.00550275  -2.233503
   0.638308   21510.22   9.035754   0.00550237  -2.235243
   0.663308   21490.82   9.035814   0.00550199  -2.236870
   0.688308   21489.94   9.035864   0.00550168  -2.236991
   0.713308   21487.91   9.035914   0.00550136  -2.237205
   0.738308   21473.64   9.035971   0.00550100  -2.238416
   0.763308   21460.29   9.036027   0.00550064  -2.239552
   0.788308   21444.72   9.036084   0.00550028  -2.240870
   0.813308   21450.44   9.036128   0.00550000  -2.240451
   0.838308   21451.71   9.036176   0.00549970  -2.240396
   0.863308   21448.97   9.036226   0.00549938  -2.240668
   0.888308   21452.26   9.036272   0.00549909  -2.240447
   0.913308   21443.56   9.036325   0.00549875  -2.241205
   0.938308   21448.05   9.036370   0.00549847  -2.240886
   0.963308   21445.88   9.036420   0.00549816  -2.241112
   0.988308   21434.94   9.036473   0.00549781  -2.242052
   1.013308   21409.45   9.036536   0.00549742  -2.244182
   1.038308   21397.42   9.036591   0.00549707  -2.245213
   1.063308   21390.98   9.036643   0.00549674  -2.245788
   1.088308   21387.53   9.036694   0.00549642  -2.246119
   1.113308   21384.91   9.036744   0.00549611  -2.246381
   1.138308   21377.18   9.036796   0.00549577  -2.247062
   1.163308   21372.80   9.036847   0.00549545  -2.247469
   1.188308   21366.26   9.036899   0.00549512  -2.248053
   1.213308   21367.09   9.036947   0.00549482  -2.248033
   1.238308   21370.14   9.036993   0.00549453  -2.247831
   1.263308   21361.23   9.037046   0.00549419  -2.248609
   1.288308   21352.06   9.037099   0.00549386  -2.249407
   1.313308   21356.11   9.037143   0.00549357  -2.249122
   1.338308   21362.71   9.037187   0.00549330  -2.248629
   1.363308   21377.79   9.037227   0.00549305  -2.247443
   1.388308   21357.04   9.037287   0.00549267  -2.249190
   1.413308   21339.46   9.037344   0.00549230  -2.250678
   1.438308   21327.78   9.037399   0.00549196  -2.251684
   1.463308   21287.29   9.037469   0.00549152  -2.255055
   1.488308   21288.63   9.037514   0.00549123  -2.254991
   1.503308   21189.84   9.037620   0.00549056  -2.263177
   1.526679   21048.84   9.037747   0.00548976  -2.274902
   1.548099   20747.27   9.037978   0.00548843  -2.300218
   1.569859   20409.97   9.038216   0.00548693  -2.328931
   1.593182   20071.44   9.038444   0.00548549  -2.358214
   1.617918   19735.38   9.038663   0.00548410  -2.387766
   1.645287   19387.09   9.038886   0.00548270  -2.418919
   1.677284   19046.22   9.039113   0.00548126  -2.449963
   1.712936   18732.62   9.039341   0.00547983  -2.479031
   1.751286   18423.33   9.039571   0.00547837  -2.508183
   1.791744   18117.51   9.039794   0.00547697  -2.537484
   1.833633   17821.57   9.040007   0.00547562  -2.566307
   1.873087   17540.31   9.040206   0.00547437  -2.594142
   1.913279   17260.04   9.040405   0.00547312  -2.622322
   1.954122   16983.34   9.040601   0.00547188  -2.650593
   1.995356   16701.66   9.040797   0.00547065  -2.679843
   2.035374   16436.56   9.040973   0.00546954  -2.707814
   2.075638   16168.10   9.041143   0.00546847  -2.736592
   2.117246   15901.78   9.041307   0.00546743  -2.765609
   2.159654   15642.18   9.041474   0.00546638  -2.794370
   2.200266   15401.35   9.041631   0.00546539  -2.821481
   2.241658   15162.12   9.041791   0.00546439  -2.848836
   2.287482   14918.65   9.041955   0.00546336  -2.877122
   2.330600   14693.54   9.042106   0.00546241  -2.903685
   2.369006   14503.09   9.042232   0.00546161  -2.926475
   2.400693   14338.48   9.042339   0.00546094  -2.946411
   2.430121   14191.39   9.042438   0.00546032  -2.964423
   2.457569   14049.60   9.042537   0.00545970  -2.981966
   2.482492   13921.87   9.042628   0.00545913  -2.997922
   2.507637   13796.71   9.042720   0.00545855  -3.013702
   2.532958   13672.85   9.042810   0.00545798  -3.029458
   2.558189   13551.85   9.042898   0.00545743  -3.044987
   2.583675   13431.84   9.042984   0.00545689  -3.060527
   2.609086   13314.54   9.043069   0.00545636  -3.075849
   2.634308   13200.79   9.043149   0.00545585  -3.090834
   2.661277   13079.73   9.043234   0.00545532  -3.106923
   2.688505   12958.93   9.043317   0.00545480  -3.123125
   2.716445   12836.72   9.043399   0.00545428  -3.139667
   2.741729   12721.16   9.043475   0.00545380  -3.155453
   2.765921   12609.50   9.043546   0.00545336  -3.170839
   2.793449   12493.19   9.043618   0.00545291  -3.187009
   2.820470   12384.45   9.043686   0.00545248  -3.202263
   2.849543   12267.35   9.043759   0.00545202  -3.218841
   2.877166   12155.56   9.043828   0.00545159  -3.234812
   2.904758   12040.21   9.043901   0.00545114  -3.251449
   2.934269   11923.91   9.043972   0.00545068  -3.268381
   2.962934   11807.71   9.044047   0.00545022  -3.285468
   2.991098   11692.31   9.044119   0.00544976  -3.302602
   3.020547   11574.82   9.044194   0.00544930  -3.320221
   3.050148   11460.55   9.044268   0.00544883  -3.337531
   3.083521   11338.67   9.044347   0.00544833  -3.356183
   3.115798   11224.35   9.044421   0.00544787  -3.373860
   3.150512   11101.40   9.044498   0.00544738  -3.393071
   3.182058   10986.97   9.044571   0.00544693  -3.411144
   3.216109   10871.58   9.044645   0.00544647  -3.429559
   3.248529   10758.08   9.044718   0.00544601  -3.447864
   3.283428   10643.22   9.044792   0.00544554  -3.466584
   3.316227   10530.45   9.044864   0.00544509  -3.485160
   3.349563   10418.57   9.044937   0.00544463  -3.503789
   3.385427   10300.82   9.045012   0.00544417  -3.523609
   3.420099   10189.55   9.045082   0.00544373  -3.542546
   3.454831   10079.41   9.045151   0.00544329  -3.561495
   3.490058    9969.67   9.045219   0.00544286  -3.580580
   3.527861    9860.11   9.045288   0.00544244  -3.599845
   3.566034    9744.91   9.045360   0.00544198  -3.620332
   3.602473    9637.12   9.045429   0.00544155  -3.639725
   3.639476    9529.56   9.045497   0.00544112  -3.659290
   3.676905    9422.64   9.045565   0.00544070  -3.678960
   3.714752    9316.40   9.045632   0.00544028  -3.698724
   3.755228    9209.58   9.045699   0.00543986  -3.718824
   3.795557    9099.65   9.045766   0.00543944  -3.739752
   3.834283    8996.35   9.045829   0.00543905  -3.759647
   3.873439    8893.72   9.045889   0.00543867  -3.779640
   3.912845    8792.26   9.045948   0.00543830  -3.799631
   3.954833    8689.68   9.046008   0.00543793  -3.820077
   3.995980    8586.49   9.046066   0.00543756  -3.840888
   4.035674    8489.61   9.046122   0.00543721  -3.860656
   4.075758    8393.51   9.046177   0.00543687  -3.880486
   4.115902    8299.56   9.046231   0.00543653  -3.900094
   4.156248    8205.53   9.046284   0.00543620  -3.919943
   4.196137    8114.81   9.046338   0.00543586  -3.939308
   4.236083    8025.53   9.046390   0.00543553  -3.958580
   4.275811    7938.29   9.046441   0.00543521  -3.977619
   4.315220    7855.78   9.046489   0.00543492  -3.995815
   4.352990    7775.10   9.046535   0.00543462  -4.013795
   4.391336    7694.94   9.046582   0.00543433  -4.031846
   4.429107    7617.40   9.046628   0.00543405  -4.049485
   4.466196    7542.57   9.046673   0.00543377  -4.066681
   4.502522    7470.51   9.046717   0.00543349  -4.083401
   4.538034    7401.21   9.046761   0.00543321  -4.099634
   4.572872    7334.30   9.046804   0.00543294  -4.115455
   4.607071    7269.60   9.046848   0.00543267  -4.130890
   4.640806    7206.71   9.046891   0.00543240  -4.146028
   4.674153    7143.72   9.046936   0.00543212  -4.161324
   4.706230    7086.20   9.046978   0.00543185  -4.175408
   4.738944    7027.86   9.047022   0.00543158  -4.189814
   4.770863    6971.87   9.047064   0.00543132  -4.203752
