- M = 1.25 Mo
- log q(H) = -10.0
- log q(He) = -6.0
- X(O) = 0.50
- X(Ne) = 0.040
- Partial distillation
 
    t (Gyr)     Teff      log g        R/Ro      log L/Lo
  --------------------------------------------------------
   0.000000   70000.94   9.148842   0.00493038  -0.280783
   0.000100   68671.67   9.149838   0.00492473  -0.315083
   0.000188   67246.69   9.150684   0.00491994  -0.352356
   0.000321   65403.85   9.151628   0.00491459  -0.401570
   0.000487   63688.17   9.152537   0.00490945  -0.448657
   0.000706   62164.63   9.153414   0.00490450  -0.491596
   0.001008   60838.70   9.154280   0.00489961  -0.529916
   0.001439   59701.87   9.155157   0.00489467  -0.563560
   0.002058   58720.54   9.156054   0.00488961  -0.593249
   0.002926   57837.06   9.156974   0.00488444  -0.620505
   0.004083   56989.11   9.157908   0.00487919  -0.647096
   0.005549   56133.39   9.158853   0.00487388  -0.674324
   0.007307   55261.32   9.159795   0.00486860  -0.702466
   0.009345   54375.54   9.160738   0.00486332  -0.731479
   0.011679   53473.65   9.161671   0.00485810  -0.761467
   0.014302   52563.39   9.162557   0.00485315  -0.792179
   0.017228   51645.87   9.163374   0.00484858  -0.823587
   0.020465   50728.04   9.164146   0.00484427  -0.855509
   0.024015   49815.69   9.164892   0.00484012  -0.887783
   0.027892   48909.92   9.165611   0.00483611  -0.920379
   0.032090   48014.91   9.166302   0.00483226  -0.953154
   0.036609   47132.41   9.166960   0.00482860  -0.986037
   0.041458   46261.76   9.167580   0.00482516  -1.019047
   0.046683   45398.35   9.168173   0.00482186  -1.052369
   0.052228   44553.48   9.168741   0.00481871  -1.085571
   0.058116   43724.86   9.169295   0.00481564  -1.118737
   0.064353   42912.99   9.169838   0.00481263  -1.151839
   0.070990   42113.67   9.170382   0.00480961  -1.185046
   0.077982   41333.04   9.170911   0.00480669  -1.218077
   0.085374   40567.09   9.171423   0.00480386  -1.251083
   0.093150   39818.39   9.171915   0.00480114  -1.283936
   0.101324   39086.38   9.172388   0.00479852  -1.316642
   0.109913   38370.25   9.172840   0.00479603  -1.349217
   0.118953   37668.43   9.173269   0.00479366  -1.381715
   0.128486   36978.68   9.173672   0.00479144  -1.414222
   0.138581   36298.67   9.174057   0.00478931  -1.446849
   0.149154   35635.72   9.174429   0.00478726  -1.479242
   0.160381   34981.57   9.174802   0.00478521  -1.511800
   0.171987   34352.87   9.175174   0.00478316  -1.543677
   0.184335   33731.21   9.175552   0.00478108  -1.575780
   0.197337   33122.91   9.175931   0.00477899  -1.607772
   0.210955   32531.07   9.176304   0.00477694  -1.639466
   0.225338   31949.98   9.176671   0.00477492  -1.671144
   0.240570   31378.46   9.177029   0.00477295  -1.702858
   0.256541   30820.72   9.177372   0.00477107  -1.734356
   0.273321   30276.40   9.177696   0.00476929  -1.765634
   0.291042   29741.21   9.177992   0.00476766  -1.796913
   0.309672   29218.31   9.178265   0.00476616  -1.828001
   0.329240   28708.16   9.178524   0.00476474  -1.858858
   0.349983   28206.73   9.178778   0.00476335  -1.889722
   0.372095   27712.27   9.179036   0.00476194  -1.920703
   0.395311   27232.79   9.179307   0.00476045  -1.951294
   0.420129   26760.80   9.179614   0.00475877  -1.981974
   0.446489   26299.09   9.179945   0.00475695  -2.012538
   0.474561   25846.47   9.180285   0.00475509  -2.043036
   0.504222   25405.84   9.180615   0.00475329  -2.073237
   0.535743   24973.78   9.180922   0.00475161  -2.103341
   0.569056   24552.14   9.181189   0.00475015  -2.133187
   0.604376   24139.23   9.181416   0.00474891  -2.162878
   0.642035   23733.93   9.181620   0.00474779  -2.192497
   0.682368   23335.13   9.181811   0.00474675  -2.222126
   0.725816   22941.73   9.181995   0.00474574  -2.251846
   0.771652   22562.45   9.182176   0.00474475  -2.280987
   0.821034   22190.20   9.182366   0.00474371  -2.310077
   0.881034   21791.18   9.182589   0.00474250  -2.341821
   0.941034   21476.41   9.182777   0.00474147  -2.367286
   1.001034   21260.04   9.182926   0.00474066  -2.385025
   1.061034   21119.91   9.183045   0.00474001  -2.396633
   1.121034   21055.67   9.183138   0.00473939  -2.402001
   1.181034   21013.77   9.183222   0.00473893  -2.405545
   1.241034   20983.99   9.183303   0.00473849  -2.408089
   1.301034   20962.04   9.183381   0.00473806  -2.409985
   1.361034   20937.57   9.183460   0.00473763  -2.412094
   1.421034   20920.76   9.183537   0.00473721  -2.413566
   1.481034   20898.40   9.183616   0.00473678  -2.415502
   1.541034   20877.18   9.183694   0.00473635  -2.417345
   1.601034   20860.27   9.183771   0.00473593  -2.418831
   1.661034   20843.41   9.183848   0.00473551  -2.420312
   1.721034   20828.39   9.183925   0.00473510  -2.421641
   1.781034   20818.38   9.183999   0.00473469  -2.422551
   1.841034   20803.93   9.184076   0.00473427  -2.423834
   1.901034   20783.96   9.184154   0.00473385  -2.425580
   1.961034   20769.42   9.184231   0.00473343  -2.426872
   2.021034   20753.15   9.184308   0.00473301  -2.428310
   2.081034   20741.19   9.184383   0.00473260  -2.429387
   2.141034   20725.77   9.184460   0.00473218  -2.430756
   2.201034   20718.40   9.184533   0.00473178  -2.431447
   2.261034   20707.39   9.184609   0.00473137  -2.432447
   2.321034   20691.38   9.184685   0.00473095  -2.433866
   2.381034   20680.69   9.184760   0.00473054  -2.434839
   2.441034   20677.52   9.184833   0.00473015  -2.435178
   2.501034   20666.86   9.184908   0.00472974  -2.436148
   2.561034   20652.39   9.184984   0.00472933  -2.437441
   2.621034   20640.31   9.185059   0.00472892  -2.438533
   2.681034   20629.84   9.185133   0.00472851  -2.439489
   2.741034   20625.38   9.185206   0.00472812  -2.439937
   2.801034   20612.36   9.185282   0.00472771  -2.441110
   2.861034   20599.13   9.185357   0.00472730  -2.442300
   2.921034   20586.98   9.185432   0.00472689  -2.443401
   2.981034   20582.57   9.185505   0.00472649  -2.443845
   3.041034   20574.54   9.185578   0.00472609  -2.444597
   3.101034   20562.62   9.185654   0.00472568  -2.445679
   3.161034   20549.79   9.185729   0.00472527  -2.446838
   3.221034   20537.90   9.185804   0.00472486  -2.447919
   3.281034   20528.97   9.185878   0.00472446  -2.448748
   3.341034   20520.00   9.185952   0.00472406  -2.449582
   3.401034   20510.76   9.186027   0.00472365  -2.450438
   3.461034   20499.77   9.186101   0.00472325  -2.451444
   3.521034   20493.56   9.186175   0.00472285  -2.452044
   3.581034   20486.64   9.186248   0.00472245  -2.452704
   3.641034   20483.54   9.186320   0.00472206  -2.453039
   3.701034   20475.15   9.186394   0.00472165  -2.453824
   3.761034   20467.15   9.186468   0.00472125  -2.454577
   3.821034   20460.76   9.186541   0.00472086  -2.455193
   3.881034   20455.10   9.186614   0.00472046  -2.455747
   3.941034   20455.99   9.186685   0.00472007  -2.455741
   4.001034   20450.89   9.186758   0.00471968  -2.456248
   4.061034   20442.45   9.186832   0.00471928  -2.457039
   4.121034   20443.06   9.186903   0.00471889  -2.457058
   4.181034   20438.73   9.186976   0.00471849  -2.457499
   4.241034   20433.21   9.187049   0.00471810  -2.458041
   4.301034   20426.99   9.187122   0.00471770  -2.458643
   4.361034   20420.26   9.187196   0.00471730  -2.459289
   4.421034   20416.89   9.187268   0.00471691  -2.459648
   4.481034   20408.75   9.187342   0.00471650  -2.460415
   4.541034   20399.19   9.187416   0.00471610  -2.461304
   4.601034   20393.77   9.187489   0.00471570  -2.461838
   4.661034   20386.80   9.187563   0.00471531  -2.462506
   4.721034   20380.40   9.187636   0.00471491  -2.463124
   4.781034   20374.06   9.187709   0.00471451  -2.463737
   4.841034   20376.63   9.187779   0.00471413  -2.463588
   4.901034   20372.70   9.187851   0.00471374  -2.463996
   4.961034   20369.95   9.187923   0.00471335  -2.464302
   5.021034   20364.71   9.187996   0.00471295  -2.464822
   5.081034   20363.54   9.188068   0.00471256  -2.464993
   5.141034   20353.33   9.188142   0.00471216  -2.465939
   5.201034   20343.14   9.188217   0.00471176  -2.466884
   5.261034   20343.54   9.188287   0.00471137  -2.466920
   5.321034   20339.26   9.188360   0.00471098  -2.467359
   5.381034   20337.26   9.188432   0.00471059  -2.467601
   5.441034   20340.68   9.188502   0.00471021  -2.467379
   5.501034   20337.91   9.188574   0.00470982  -2.467687
   5.561034   20327.62   9.188648   0.00470942  -2.468642
   5.621034   20314.60   9.188724   0.00470901  -2.469829
   5.681034   20305.21   9.188798   0.00470861  -2.470706
   5.741034   20309.55   9.188867   0.00470823  -2.470405
   5.801034   20311.16   9.188938   0.00470785  -2.470337
   5.861034   20305.39   9.189011   0.00470745  -2.470904
   5.921034   20304.17   9.189082   0.00470706  -2.471080
   5.981034   20310.64   9.189151   0.00470669  -2.470596
   6.041034   20309.61   9.189223   0.00470630  -2.470756
   6.101034   20303.61   9.189296   0.00470590  -2.471342
   6.161034   20299.44   9.189369   0.00470551  -2.471772
   6.221034   20286.39   9.189444   0.00470511  -2.472963
   6.281034   20273.72   9.189518   0.00470470  -2.474123
   6.341034   20257.23   9.189594   0.00470429  -2.475613
   6.401034   20258.62   9.189665   0.00470391  -2.475564
   6.461034   20257.79   9.189737   0.00470352  -2.475707
   6.521034   20243.74   9.189813   0.00470311  -2.476988
   6.581034   20245.54   9.189883   0.00470273  -2.476904
   6.641034   20244.40   9.189955   0.00470234  -2.477074
   6.701034   20240.92   9.190027   0.00470195  -2.477446
   6.761034   20238.29   9.190100   0.00470155  -2.477743
   6.821034   20225.64   9.190175   0.00470114  -2.478905
   6.881034   20224.36   9.190247   0.00470076  -2.479086
   6.941034   20218.21   9.190320   0.00470036  -2.479689
   7.001034   20199.25   9.190398   0.00469994  -2.481396
   7.061034   20185.99   9.190473   0.00469953  -2.482612
   7.121034   20175.46   9.190547   0.00469913  -2.483593
   7.181034   20167.40   9.190620   0.00469874  -2.484359
   7.241034   20160.64   9.190693   0.00469834  -2.485014
   7.301034   20167.75   9.190761   0.00469797  -2.484470
   7.361034   20169.02   9.190832   0.00469759  -2.484432
   7.421034   20151.65   9.190909   0.00469717  -2.486005
   7.481034   20135.27   9.190985   0.00469676  -2.487495
   7.541034   20123.34   9.191060   0.00469636  -2.488599
   7.601034   20140.55   9.191125   0.00469601  -2.487178
   7.661034   20113.08   9.191204   0.00469558  -2.489629
   7.721034   20073.94   9.191288   0.00469513  -2.493096
   7.781034   20077.23   9.191356   0.00469476  -2.492880
   7.841034   20105.31   9.191418   0.00469442  -2.490514
   7.901034   19995.84   9.191524   0.00469385  -2.500105
   7.961034   19970.49   9.191601   0.00469343  -2.502385
   8.001034   19759.44   9.191736   0.00469271  -2.520976
   8.034022   19571.05   9.191854   0.00469207  -2.537737
   8.072696   19275.84   9.192025   0.00469125  -2.564327
   8.112625   18973.31   9.192208   0.00469027  -2.591991
   8.155403   18674.96   9.192391   0.00468928  -2.619707
   8.200687   18382.21   9.192566   0.00468834  -2.647331
   8.248318   18096.17   9.192733   0.00468743  -2.674742
   8.295516   17825.50   9.192897   0.00468655  -2.701085
   8.346419   17554.79   9.193066   0.00468564  -2.727839
   8.400012   17282.97   9.193228   0.00468476  -2.755111
   8.460671   17019.41   9.193372   0.00468399  -2.781950
   8.527800   16765.34   9.193514   0.00468322  -2.808220
   8.593931   16524.02   9.193644   0.00468252  -2.833536
   8.663595   16289.69   9.193771   0.00468183  -2.858476
   8.733163   16062.53   9.193906   0.00468111  -2.883006
   8.806913   15842.87   9.194041   0.00468038  -2.907061
   8.886379   15627.75   9.194181   0.00467963  -2.930951
   8.970460   15406.00   9.194320   0.00467887  -2.955916
   9.048811   15198.24   9.194446   0.00467820  -2.979628
   9.123494   15013.13   9.194550   0.00467764  -3.001021
   9.194576   14829.93   9.194647   0.00467712  -3.022446
   9.252328   14682.97   9.194721   0.00467672  -3.039821
   9.307254   14543.62   9.194793   0.00467633  -3.056459
   9.357648   14413.53   9.194859   0.00467597  -3.072133
   9.408193   14284.75   9.194933   0.00467557  -3.087798
   9.459470   14157.85   9.195011   0.00467516  -3.103377
   9.505511   14037.23   9.195089   0.00467473  -3.118319
   9.550002   13923.20   9.195166   0.00467432  -3.132565
   9.595119   13810.38   9.195242   0.00467391  -3.146775
   9.640519   13698.91   9.195317   0.00467351  -3.160929
   9.690466   13591.32   9.195384   0.00467315  -3.174693
   9.738005   13481.90   9.195450   0.00467279  -3.188802
   9.784679   13374.01   9.195509   0.00467248  -3.202818
   9.833578   13262.52   9.195563   0.00467219  -3.217415
   9.881296   13154.68   9.195608   0.00467194  -3.231642
   9.934413   13047.58   9.195653   0.00467170  -3.245889
   9.984701   12936.23   9.195705   0.00467142  -3.260829
  10.032270   12832.10   9.195754   0.00467116  -3.274918
  10.079970   12729.26   9.195805   0.00467089  -3.288948
  10.127980   12623.79   9.195858   0.00467060  -3.303453
  10.176660   12517.11   9.195914   0.00467030  -3.318253
  10.225480   12410.17   9.195967   0.00467001  -3.333212
  10.274250   12304.55   9.196018   0.00466974  -3.348110
  10.318260   12200.14   9.196066   0.00466948  -3.362962
  10.360810   12098.85   9.196109   0.00466925  -3.377489
  10.403740   11997.14   9.196149   0.00466903  -3.392193
  10.449700   11887.42   9.196188   0.00466882  -3.408192
  10.498150   11781.62   9.196220   0.00466865  -3.423755
  10.545910   11678.00   9.196252   0.00466848  -3.439134
  10.590960   11572.97   9.196283   0.00466832  -3.454858
  10.641070   11465.70   9.196313   0.00466815  -3.471066
  10.689980   11363.51   9.196343   0.00466799  -3.486649
  10.739760   11259.30   9.196374   0.00466782  -3.502684
  10.789250   11156.03   9.196409   0.00466764  -3.518726
  10.835760   11051.31   9.196448   0.00466743  -3.535148
  10.886550   10944.31   9.196487   0.00466722  -3.552090
  10.935130   10844.42   9.196522   0.00466703  -3.568053
  10.981620   10741.34   9.196559   0.00466683  -3.584680
  11.032430   10635.62   9.196593   0.00466665  -3.601897
  11.078020   10535.81   9.196626   0.00466647  -3.618310
  11.126360   10437.29   9.196656   0.00466631  -3.634660
  11.172530   10336.89   9.196688   0.00466614  -3.651484
  11.220790   10238.92   9.196718   0.00466598  -3.668057
  11.266770   10139.54   9.196750   0.00466581  -3.685033
  11.312310   10040.94   9.196781   0.00466564  -3.702039
  11.360370    9944.17   9.196811   0.00466547  -3.718893
  11.406180    9846.23   9.196845   0.00466529  -3.736121
  11.451710    9748.86   9.196878   0.00466512  -3.753418
  11.497110    9653.25   9.196910   0.00466495  -3.770571
  11.542740    9555.29   9.196941   0.00466478  -3.788322
  11.587740    9459.97   9.196972   0.00466461  -3.805769
  11.632860    9364.55   9.197002   0.00466445  -3.823410
  11.677790    9270.64   9.197031   0.00466430  -3.840947
  11.722670    9174.80   9.197057   0.00466416  -3.859027
  11.766730    9081.76   9.197082   0.00466402  -3.876758
  11.810690    8989.13   9.197106   0.00466389  -3.894591
  11.856940    8896.20   9.197128   0.00466378  -3.912665
  11.899600    8806.99   9.197149   0.00466366  -3.930195
  11.942690    8716.93   9.197170   0.00466355  -3.948071
  11.985360    8628.96   9.197190   0.00466344  -3.965711
  12.027810    8540.13   9.197209   0.00466334  -3.983707
  12.069560    8453.86   9.197229   0.00466323  -4.001365
  12.113470    8366.47   9.197249   0.00466312  -4.019435
  12.153340    8284.68   9.197269   0.00466302  -4.036521
  12.193760    8201.89   9.197288   0.00466292  -4.053989
  12.233540    8123.33   9.197305   0.00466282  -4.070724
  12.271550    8045.86   9.197321   0.00466274  -4.087386
  12.309960    7968.06   9.197338   0.00466265  -4.104283
  12.347700    7892.02   9.197354   0.00466256  -4.120958
  12.384640    7820.26   9.197370   0.00466248  -4.136841
  12.419700    7750.26   9.197386   0.00466239  -4.152476
  12.454970    7680.17   9.197404   0.00466229  -4.168275
  12.489340    7612.25   9.197422   0.00466220  -4.183725
  12.522900    7546.25   9.197441   0.00466210  -4.198870
  12.555670    7482.16   9.197460   0.00466199  -4.213707
