- M = 1.25 Mo
- log q(H) = -10.0
- log q(He) = -6.0
- X(O) = 0.50
- X(Ne) = 0.040
- Full distillation
 
    t (Gyr)     Teff      log g        R/Ro      log L/Lo
  --------------------------------------------------------
   0.000000   70000.94   9.148842   0.00493038  -0.280783
   0.000100   68671.67   9.149838   0.00492473  -0.315083
   0.000188   67246.69   9.150684   0.00491994  -0.352356
   0.000321   65403.85   9.151628   0.00491459  -0.401570
   0.000487   63688.17   9.152537   0.00490945  -0.448657
   0.000706   62164.63   9.153414   0.00490450  -0.491596
   0.001008   60838.70   9.154280   0.00489961  -0.529916
   0.001439   59701.87   9.155157   0.00489467  -0.563560
   0.002058   58720.54   9.156054   0.00488961  -0.593249
   0.002926   57837.06   9.156974   0.00488444  -0.620505
   0.004083   56989.11   9.157908   0.00487919  -0.647096
   0.005549   56133.39   9.158853   0.00487388  -0.674324
   0.007307   55261.32   9.159795   0.00486860  -0.702466
   0.009345   54375.54   9.160738   0.00486332  -0.731479
   0.011679   53473.65   9.161671   0.00485810  -0.761467
   0.014302   52563.39   9.162557   0.00485315  -0.792179
   0.017228   51645.87   9.163374   0.00484858  -0.823587
   0.020465   50728.04   9.164146   0.00484427  -0.855509
   0.024015   49815.69   9.164892   0.00484012  -0.887783
   0.027892   48909.92   9.165611   0.00483611  -0.920379
   0.032090   48014.91   9.166302   0.00483226  -0.953154
   0.036609   47132.41   9.166960   0.00482860  -0.986037
   0.041458   46261.76   9.167580   0.00482516  -1.019047
   0.046683   45398.35   9.168173   0.00482186  -1.052369
   0.052228   44553.48   9.168741   0.00481871  -1.085571
   0.058116   43724.86   9.169295   0.00481564  -1.118737
   0.064353   42912.99   9.169838   0.00481263  -1.151839
   0.070990   42113.67   9.170382   0.00480961  -1.185046
   0.077982   41333.04   9.170911   0.00480669  -1.218077
   0.085374   40567.09   9.171423   0.00480386  -1.251083
   0.093150   39818.39   9.171915   0.00480114  -1.283936
   0.101324   39086.38   9.172388   0.00479852  -1.316642
   0.109913   38370.25   9.172840   0.00479603  -1.349217
   0.118953   37668.43   9.173269   0.00479366  -1.381715
   0.128486   36978.68   9.173672   0.00479144  -1.414222
   0.138581   36298.67   9.174057   0.00478931  -1.446849
   0.149154   35635.72   9.174429   0.00478726  -1.479242
   0.160381   34981.57   9.174802   0.00478521  -1.511800
   0.171987   34352.87   9.175174   0.00478316  -1.543677
   0.184335   33731.21   9.175552   0.00478108  -1.575780
   0.197337   33122.91   9.175931   0.00477899  -1.607772
   0.210955   32531.07   9.176304   0.00477694  -1.639466
   0.225338   31949.98   9.176671   0.00477492  -1.671144
   0.240570   31378.46   9.177029   0.00477295  -1.702858
   0.256541   30820.72   9.177372   0.00477107  -1.734356
   0.273321   30276.40   9.177696   0.00476929  -1.765634
   0.291042   29741.21   9.177992   0.00476766  -1.796913
   0.309672   29218.31   9.178265   0.00476616  -1.828001
   0.329240   28708.16   9.178524   0.00476474  -1.858858
   0.349983   28206.73   9.178778   0.00476335  -1.889722
   0.372095   27712.27   9.179036   0.00476194  -1.920703
   0.395311   27232.79   9.179307   0.00476045  -1.951294
   0.420129   26760.80   9.179614   0.00475877  -1.981974
   0.446489   26299.09   9.179945   0.00475695  -2.012538
   0.474561   25846.47   9.180285   0.00475509  -2.043036
   0.504222   25405.84   9.180615   0.00475329  -2.073237
   0.535743   24973.78   9.180922   0.00475161  -2.103341
   0.569056   24552.14   9.181189   0.00475015  -2.133187
   0.604376   24139.23   9.181416   0.00474891  -2.162878
   0.642035   23733.93   9.181620   0.00474779  -2.192497
   0.682368   23335.13   9.181811   0.00474675  -2.222126
   0.725816   22941.73   9.181995   0.00474574  -2.251846
   0.771652   22562.45   9.182176   0.00474475  -2.280987
   0.821034   22190.20   9.182366   0.00474371  -2.310077
   0.881034   21791.18   9.182589   0.00474250  -2.341821
   0.941034   21476.41   9.182777   0.00474147  -2.367286
   1.001034   21260.04   9.182926   0.00474066  -2.385025
   1.061034   21119.91   9.183045   0.00474001  -2.396633
   1.121034   21055.67   9.183138   0.00473939  -2.402001
   1.181034   21013.77   9.183222   0.00473893  -2.405545
   1.241034   20983.99   9.183303   0.00473849  -2.408089
   1.301034   20962.04   9.183381   0.00473806  -2.409985
   1.361034   20937.57   9.183460   0.00473763  -2.412094
   1.421034   20920.76   9.183537   0.00473721  -2.413566
   1.481034   20898.40   9.183616   0.00473678  -2.415502
   1.541034   20877.18   9.183694   0.00473635  -2.417345
   1.601034   20860.27   9.183771   0.00473593  -2.418831
   1.661034   20843.41   9.183848   0.00473551  -2.420312
   1.721034   20828.39   9.183925   0.00473510  -2.421641
   1.781034   20818.38   9.183999   0.00473469  -2.422551
   1.841034   20803.93   9.184076   0.00473427  -2.423834
   1.901034   20783.96   9.184154   0.00473385  -2.425580
   1.961034   20769.42   9.184231   0.00473343  -2.426872
   2.021034   20753.15   9.184308   0.00473301  -2.428310
   2.081034   20741.19   9.184383   0.00473260  -2.429387
   2.141034   20725.77   9.184460   0.00473218  -2.430756
   2.201034   20718.40   9.184533   0.00473178  -2.431447
   2.261034   20707.39   9.184609   0.00473137  -2.432447
   2.321034   20691.38   9.184685   0.00473095  -2.433866
   2.381034   20680.69   9.184760   0.00473054  -2.434839
   2.441034   20677.52   9.184833   0.00473015  -2.435178
   2.501034   20666.86   9.184908   0.00472974  -2.436148
   2.561034   20652.39   9.184984   0.00472933  -2.437441
   2.621034   20640.31   9.185059   0.00472892  -2.438533
   2.681034   20629.84   9.185133   0.00472851  -2.439489
   2.741034   20625.38   9.185206   0.00472812  -2.439937
   2.801034   20612.36   9.185282   0.00472771  -2.441110
   2.861034   20599.13   9.185357   0.00472730  -2.442300
   2.921034   20586.98   9.185432   0.00472689  -2.443401
   2.981034   20582.57   9.185505   0.00472649  -2.443845
   3.041034   20574.54   9.185578   0.00472609  -2.444597
   3.101034   20562.62   9.185654   0.00472568  -2.445679
   3.161034   20549.79   9.185729   0.00472527  -2.446838
   3.221034   20537.90   9.185804   0.00472486  -2.447919
   3.281034   20528.97   9.185878   0.00472446  -2.448748
   3.341034   20520.00   9.185952   0.00472406  -2.449582
   3.401034   20510.76   9.186027   0.00472365  -2.450438
   3.461034   20499.77   9.186101   0.00472325  -2.451444
   3.521034   20493.56   9.186175   0.00472285  -2.452044
   3.581034   20486.64   9.186248   0.00472245  -2.452704
   3.641034   20483.54   9.186320   0.00472206  -2.453039
   3.701034   20475.15   9.186394   0.00472165  -2.453824
   3.761034   20467.15   9.186468   0.00472125  -2.454577
   3.821034   20460.76   9.186541   0.00472086  -2.455193
   3.881034   20455.10   9.186614   0.00472046  -2.455747
   3.941034   20455.99   9.186685   0.00472007  -2.455741
   4.001034   20450.89   9.186758   0.00471968  -2.456248
   4.061034   20442.45   9.186832   0.00471928  -2.457039
   4.121034   20443.06   9.186903   0.00471889  -2.457058
   4.181034   20438.73   9.186976   0.00471849  -2.457499
   4.241034   20433.21   9.187049   0.00471810  -2.458041
   4.301034   20426.99   9.187122   0.00471770  -2.458643
   4.361034   20420.26   9.187196   0.00471730  -2.459289
   4.421034   20416.89   9.187268   0.00471691  -2.459648
   4.481034   20408.75   9.187342   0.00471650  -2.460415
   4.541034   20399.19   9.187416   0.00471610  -2.461304
   4.601034   20393.77   9.187489   0.00471570  -2.461838
   4.661034   20386.80   9.187563   0.00471531  -2.462506
   4.721034   20380.40   9.187636   0.00471491  -2.463124
   4.781034   20374.06   9.187709   0.00471451  -2.463737
   4.841034   20376.63   9.187779   0.00471413  -2.463588
   4.901034   20372.70   9.187851   0.00471374  -2.463996
   4.961034   20369.95   9.187923   0.00471335  -2.464302
   5.021034   20364.71   9.187996   0.00471295  -2.464822
   5.081034   20363.54   9.188068   0.00471256  -2.464993
   5.141034   20353.33   9.188142   0.00471216  -2.465939
   5.201034   20343.14   9.188217   0.00471176  -2.466884
   5.261034   20343.54   9.188287   0.00471137  -2.466920
   5.321034   20339.26   9.188360   0.00471098  -2.467359
   5.381034   20337.26   9.188432   0.00471059  -2.467601
   5.441034   20340.68   9.188502   0.00471021  -2.467379
   5.501034   20337.91   9.188574   0.00470982  -2.467687
   5.561034   20327.62   9.188648   0.00470942  -2.468642
   5.621034   20314.60   9.188724   0.00470901  -2.469829
   5.681034   20305.21   9.188798   0.00470861  -2.470706
   5.741034   20309.55   9.188867   0.00470823  -2.470405
   5.801034   20311.16   9.188938   0.00470785  -2.470337
   5.861034   20305.39   9.189011   0.00470745  -2.470904
   5.921034   20304.17   9.189082   0.00470706  -2.471080
   5.981034   20310.64   9.189151   0.00470669  -2.470596
   6.041034   20309.61   9.189223   0.00470630  -2.470756
   6.101034   20303.61   9.189296   0.00470590  -2.471342
   6.161034   20299.44   9.189369   0.00470551  -2.471772
   6.221034   20287.16   9.189444   0.00470510  -2.472898
   6.281034   20288.57   9.189515   0.00470472  -2.472848
   6.341034   20285.82   9.189587   0.00470433  -2.473155
   6.401034   20282.83   9.189659   0.00470394  -2.473484
   6.461034   20276.99   9.189732   0.00470354  -2.474057
   6.521034   20284.52   9.189801   0.00470317  -2.473480
   6.581034   20283.51   9.189872   0.00470278  -2.473639
   6.641034   20267.86   9.189949   0.00470237  -2.475056
   6.701034   20254.30   9.190025   0.00470196  -2.476294
   6.761034   20244.75   9.190099   0.00470156  -2.477188
   6.821034   20236.80   9.190172   0.00470116  -2.477944
   6.881034   20227.86   9.190246   0.00470076  -2.478785
   6.941034   20215.79   9.190321   0.00470036  -2.479897
   7.001034   20203.45   9.190396   0.00469995  -2.481032
   7.061034   20191.59   9.190470   0.00469955  -2.482127
   7.121034   20182.22   9.190543   0.00469915  -2.483007
   7.181034   20168.60   9.190618   0.00469875  -2.484254
   7.241034   20154.28   9.190693   0.00469834  -2.485563
   7.301034   20137.44   9.190768   0.00469794  -2.487090
   7.361034   20125.41   9.190842   0.00469754  -2.488202
   7.421034   20114.26   9.190915   0.00469714  -2.489238
   7.481034   20101.02   9.190989   0.00469674  -2.490455
   7.541034   20088.64   9.191062   0.00469635  -2.491598
   7.601034   20068.75   9.191137   0.00469594  -2.493395
   7.661034   20053.79   9.191211   0.00469554  -2.494764
   7.721034   20042.14   9.191284   0.00469515  -2.495846
   7.781034   20023.04   9.191358   0.00469474  -2.497577
   7.841034   20008.44   9.191431   0.00469435  -2.498918
   7.901034   19994.45   9.191504   0.00469396  -2.500205
   7.961034   19976.73   9.191578   0.00469356  -2.501819
   8.021034   19955.54   9.191654   0.00469315  -2.503739
   8.081034   19926.45   9.191732   0.00469272  -2.506352
   8.141034   19923.03   9.191803   0.00469234  -2.506720
   8.201034   19915.88   9.191875   0.00469195  -2.507416
   8.261034   19906.25   9.191948   0.00469156  -2.508329
   8.321034   19885.35   9.192025   0.00469114  -2.510231
   8.381034   19870.81   9.192099   0.00469074  -2.511575
   8.441034   19856.69   9.192173   0.00469034  -2.512885
   8.501034   19842.11   9.192247   0.00468994  -2.514235
   8.561034   19824.11   9.192322   0.00468954  -2.515886
   8.621034   19799.20   9.192399   0.00468912  -2.518147
   8.681034   19795.12   9.192469   0.00468875  -2.518575
   8.741034   19764.96   9.192548   0.00468832  -2.521303
   8.801034   19741.30   9.192623   0.00468791  -2.523459
   8.861034   19701.24   9.192704   0.00468748  -2.527069
   8.921034   19676.04   9.192779   0.00468707  -2.529367
   8.981034   19653.44   9.192853   0.00468667  -2.531438
   9.041034   19609.92   9.192934   0.00468624  -2.535369
   9.101034   19584.98   9.193007   0.00468584  -2.537653
   9.161034   19513.29   9.193095   0.00468537  -2.544112
   9.221034   19492.40   9.193165   0.00468499  -2.546043
   9.281034   19476.24   9.193233   0.00468462  -2.547551
   9.341034   19459.64   9.193301   0.00468426  -2.549100
   9.401034   19444.11   9.193369   0.00468389  -2.550556
   9.461034   19423.12   9.193439   0.00468351  -2.552503
   9.521034   19400.12   9.193511   0.00468312  -2.554633
   9.581034   19373.63   9.193584   0.00468273  -2.557079
   9.641034   19330.15   9.193664   0.00468230  -2.561062
   9.701034   19274.48   9.193749   0.00468184  -2.566157
   9.741034   19181.59   9.193851   0.00468129  -2.574651
   9.783103   18970.50   9.194006   0.00468046  -2.594030
   9.826919   18668.41   9.194192   0.00467956  -2.622119
   9.872592   18376.94   9.194364   0.00467864  -2.649627
   9.918129   18097.91   9.194529   0.00467775  -2.676372
   9.966921   17824.45   9.194694   0.00467686  -2.702984
  10.016310   17559.00   9.194857   0.00467598  -2.729214
  10.069160   17292.87   9.195017   0.00467512  -2.755904
  10.124220   17025.97   9.195163   0.00467434  -2.783071
  10.179780   16776.44   9.195293   0.00467364  -2.808849
  10.241460   16530.37   9.195423   0.00467294  -2.834648
  10.310750   16293.07   9.195552   0.00467224  -2.859896
  10.379370   16063.25   9.195688   0.00467152  -2.884710
  10.447090   15842.90   9.195831   0.00467074  -2.908848
  10.519020   15625.31   9.195971   0.00466999  -2.933012
  10.589990   15415.31   9.196104   0.00466927  -2.956651
  10.659880   15212.70   9.196224   0.00466863  -2.979754
  10.732320   15023.82   9.196321   0.00466811  -3.001555
  10.801490   14853.80   9.196412   0.00466762  -3.021416
  10.866340   14700.91   9.196489   0.00466721  -3.039468
  10.922930   14558.59   9.196562   0.00466681  -3.056441
  10.973870   14428.14   9.196628   0.00466646  -3.072142
  11.025040   14298.89   9.196703   0.00466606  -3.087850
  11.076910   14179.90   9.196777   0.00466566  -3.102440
  11.129050   14064.30   9.196854   0.00466525  -3.116737
  11.182080   13940.06   9.196937   0.00466480  -3.132234
  11.234790   13820.30   9.197018   0.00466436  -3.147304
  11.282300   13713.60   9.197094   0.00466396  -3.160844
  11.333410   13604.88   9.197162   0.00466359  -3.174738
  11.382040   13493.24   9.197231   0.00466322  -3.189121
  11.428850   13386.29   9.197290   0.00466291  -3.203005
  11.478320   13274.49   9.197344   0.00466261  -3.217629
  11.526440   13166.75   9.197389   0.00466237  -3.231831
  11.577260   13058.96   9.197435   0.00466213  -3.246157
  11.625530   12954.72   9.197481   0.00466188  -3.260125
  11.674000   12849.43   9.197531   0.00466161  -3.274352
  11.722100   12745.57   9.197582   0.00466134  -3.288500
  11.772640   12643.47   9.197633   0.00466106  -3.302523
  11.820040   12541.55   9.197684   0.00466079  -3.316634
  11.867110   12440.78   9.197734   0.00466052  -3.330699
  11.914250   12339.96   9.197783   0.00466026  -3.344885
  11.961360   12239.33   9.197830   0.00466001  -3.359155
  12.008770   12138.08   9.197874   0.00465977  -3.373630
  12.056500   12036.21   9.197915   0.00465955  -3.388312
  12.104610   11933.71   9.197952   0.00465935  -3.403206
  12.150270   11828.13   9.197989   0.00465916  -3.418680
  12.195090   11723.19   9.198021   0.00465898  -3.434193
  12.242230   11619.75   9.198050   0.00465883  -3.449618
  12.286910   11516.41   9.198079   0.00465867  -3.465167
  12.337420   11408.74   9.198110   0.00465851  -3.481514
  12.386460   11306.73   9.198139   0.00465835  -3.497147
  12.433450   11203.83   9.198173   0.00465817  -3.513062
  12.480670   11097.59   9.198211   0.00465797  -3.529652
  12.526160   10993.95   9.198249   0.00465776  -3.545989
  12.576390   10888.73   9.198285   0.00465757  -3.562732
  12.622250   10787.10   9.198321   0.00465737  -3.579058
  12.670530   10687.97   9.198353   0.00465720  -3.595129
  12.716850   10586.24   9.198387   0.00465702  -3.611775
  12.765120   10487.84   9.198417   0.00465686  -3.628028
  12.811370   10387.09   9.198449   0.00465669  -3.644828
  12.859630   10289.10   9.198478   0.00465653  -3.661324
  12.905700   10189.33   9.198510   0.00465636  -3.678283
  12.951220   10090.50   9.198541   0.00465620  -3.695245
  12.999250    9993.69   9.198570   0.00465604  -3.712022
  13.045100    9895.43   9.198603   0.00465586  -3.729220
  13.090590    9797.82   9.198636   0.00465569  -3.746474
  13.135960    9701.98   9.198667   0.00465552  -3.763582
  13.181570    9603.80   9.198698   0.00465535  -3.781281
  13.226540    9508.30   9.198730   0.00465518  -3.798674
  13.271680    9412.58   9.198760   0.00465502  -3.816281
  13.316630    9318.40   9.198789   0.00465486  -3.833779
  13.361560    9222.21   9.198816   0.00465472  -3.851831
  13.405660    9128.77   9.198842   0.00465458  -3.869547
  13.449670    9035.67   9.198865   0.00465446  -3.887379
  13.495940    8942.44   9.198888   0.00465434  -3.905418
  13.538700    8852.62   9.198909   0.00465422  -3.922978
  13.581800    8762.09   9.198931   0.00465411  -3.940856
  13.626980    8671.34   9.198951   0.00465400  -3.958961
  13.668470    8584.97   9.198970   0.00465390  -3.976370
  13.710480    8497.62   9.198990   0.00465379  -3.994155
  13.754430    8409.75   9.199010   0.00465368  -4.012233
  13.794420    8327.26   9.199029   0.00465358  -4.029376
  13.834960    8243.71   9.199049   0.00465347  -4.046913
  13.877200    8159.62   9.199067   0.00465338  -4.064743
  13.915290    8081.76   9.199084   0.00465329  -4.081416
  13.953910    8002.99   9.199100   0.00465320  -4.098447
  13.991800    7928.58   9.199116   0.00465311  -4.114689
  14.027850    7855.74   9.199131   0.00465303  -4.130738
  14.064200    7782.57   9.199148   0.00465294  -4.147012
  14.099610    7711.70   9.199165   0.00465285  -4.162920
  14.134200    7642.83   9.199183   0.00465275  -4.178521
  14.167930    7577.84   9.199201   0.00465266  -4.193376
  14.199740    7514.78   9.199219   0.00465256  -4.207909
  14.231850    7451.52   9.199238   0.00465246  -4.222614
