- M = 1.25 Mo
- log q(H) = -10.0
- log q(He) = -6.0
- X(O) = 0.50
- X(Ne) = 0.025
- No distillation
 
    t (Gyr)     Teff      log g        R/Ro      log L/Lo
  --------------------------------------------------------
   0.000000   70000.93   9.138146   0.00499147  -0.270087
   0.000100   68660.33   9.139200   0.00498542  -0.304732
   0.000200   67029.19   9.140180   0.00497979  -0.347480
   0.000332   65172.97   9.141156   0.00497420  -0.397242
   0.000496   63453.95   9.142087   0.00496887  -0.444608
   0.000710   61923.64   9.142983   0.00496375  -0.487912
   0.001004   60589.02   9.143862   0.00495873  -0.526642
   0.001418   59442.70   9.144747   0.00495368  -0.560708
   0.002010   58454.23   9.145649   0.00494854  -0.590741
   0.002837   57569.20   9.146570   0.00494330  -0.618165
   0.003945   56726.06   9.147505   0.00493798  -0.644730
   0.005357   55879.26   9.148449   0.00493261  -0.671802
   0.007064   55014.34   9.149393   0.00492726  -0.699844
   0.009058   54132.38   9.150337   0.00492190  -0.728864
   0.011333   53238.57   9.151267   0.00491664  -0.758717
   0.013896   52335.13   9.152155   0.00491161  -0.789337
   0.016754   51425.37   9.152976   0.00490697  -0.820622
   0.019917   50514.46   9.153752   0.00490259  -0.852445
   0.023406   49604.27   9.154506   0.00489833  -0.884786
   0.027201   48703.74   9.155232   0.00489425  -0.917338
   0.031320   47811.69   9.155930   0.00489031  -0.950149
   0.035758   46930.76   9.156595   0.00488657  -0.983121
   0.040514   46062.48   9.157222   0.00488304  -1.016189
   0.045577   45210.32   9.157816   0.00487971  -1.049221
   0.050986   44369.69   9.158388   0.00487649  -1.082399
   0.056716   43546.08   9.158945   0.00487337  -1.115504
   0.062779   42738.65   9.159491   0.00487031  -1.148563
   0.069308   41933.40   9.160044   0.00486720  -1.182160
   0.076072   41158.53   9.160574   0.00486423  -1.215090
   0.083202   40398.77   9.161088   0.00486136  -1.247971
   0.090711   39653.77   9.161583   0.00485859  -1.280801
   0.098617   38922.63   9.162061   0.00485592  -1.313608
   0.106882   38209.23   9.162516   0.00485338  -1.346198
   0.115561   37509.83   9.162948   0.00485096  -1.378723
   0.124697   36821.75   9.163352   0.00484870  -1.411290
   0.134262   36148.63   9.163735   0.00484656  -1.443724
   0.144289   35489.72   9.164106   0.00484450  -1.476052
   0.154797   34845.19   9.164474   0.00484244  -1.508259
   0.165740   34218.76   9.164845   0.00484038  -1.540144
   0.177361   33598.10   9.165224   0.00483827  -1.572320
   0.189648   32986.06   9.165606   0.00483614  -1.604640
   0.202308   32397.58   9.165978   0.00483406  -1.636283
   0.215676   31817.13   9.166346   0.00483202  -1.668058
   0.229669   31249.30   9.166703   0.00483003  -1.699697
   0.244251   30696.27   9.167043   0.00482814  -1.731057
   0.259522   30154.08   9.167366   0.00482635  -1.762337
   0.275409   29625.66   9.167657   0.00482473  -1.793341
   0.292210   29102.77   9.167929   0.00482322  -1.824547
   0.309632   28595.32   9.168184   0.00482181  -1.855359
   0.327968   28096.09   9.168433   0.00482042  -1.886205
   0.347228   27606.61   9.168684   0.00481903  -1.916987
   0.367387   27128.96   9.168949   0.00481756  -1.947572
   0.388862   26655.94   9.169251   0.00481588  -1.978431
   0.411364   26194.71   9.169577   0.00481408  -2.009078
   0.434998   25743.58   9.169910   0.00481223  -2.039590
   0.459694   25303.96   9.170234   0.00481044  -2.069835
   0.485419   24875.84   9.170531   0.00480879  -2.099776
   0.512411   24454.98   9.170790   0.00480736  -2.129676
   0.540438   24045.22   9.171006   0.00480616  -2.159247
   0.569754   23643.95   9.171200   0.00480509  -2.188676
   0.601096   23243.08   9.171381   0.00480409  -2.218562
   0.633283   22858.34   9.171551   0.00480315  -2.247728
   0.667540   22476.55   9.171722   0.00480220  -2.277159
   0.703364   22104.76   9.171898   0.00480123  -2.306311
   0.745693   21730.81   9.172084   0.00480020  -2.336136
   0.795870   21368.44   9.172300   0.00479901  -2.365564
   0.856342   21017.94   9.172526   0.00479776  -2.394521
   0.926016   20679.75   9.172759   0.00479647  -2.422934
   1.004294   20346.86   9.172991   0.00479520  -2.451357
   1.086244   20025.91   9.173220   0.00479393  -2.479206
   1.171487   19713.58   9.173448   0.00479267  -2.506742
   1.263097   19407.15   9.173689   0.00479134  -2.534198
   1.360539   19102.49   9.173924   0.00479004  -2.561920
   1.459793   18811.24   9.174145   0.00478882  -2.588832
   1.564327   18527.02   9.174351   0.00478769  -2.615484
   1.670229   18246.86   9.174546   0.00478662  -2.642149
   1.774190   17978.50   9.174728   0.00478561  -2.668070
   1.882728   17711.25   9.174908   0.00478462  -2.694266
   1.993558   17452.72   9.175078   0.00478369  -2.719981
   2.100970   17204.44   9.175235   0.00478282  -2.745028
   2.210814   16960.50   9.175387   0.00478198  -2.769988
   2.323102   16720.49   9.175536   0.00478116  -2.794896
   2.430061   16490.55   9.175675   0.00478040  -2.819090
   2.538797   16262.80   9.175812   0.00477965  -2.843386
   2.640702   16043.19   9.175942   0.00477893  -2.867134
   2.742111   15825.62   9.176071   0.00477822  -2.890984
   2.842555   15614.22   9.176195   0.00477753  -2.914470
   2.938047   15413.36   9.176314   0.00477688  -2.937081
   3.032210   15215.32   9.176427   0.00477626  -2.959658
   3.117888   15027.16   9.176527   0.00477571  -2.981376
   3.193075   14854.44   9.176615   0.00477523  -3.001545
   3.261350   14700.37   9.176688   0.00477482  -3.019731
   3.325222   14560.44   9.176754   0.00477446  -3.036412
   3.387915   14424.47   9.176822   0.00477409  -3.052779
   3.446853   14300.06   9.176889   0.00477372  -3.067893
   3.502409   14181.80   9.176957   0.00477335  -3.082387
   3.558702   14064.92   9.177025   0.00477298  -3.096831
   3.611818   13945.68   9.177097   0.00477258  -3.111694
   3.665057   13825.46   9.177169   0.00477218  -3.126807
   3.713040   13715.68   9.177236   0.00477181  -3.140722
   3.762884   13602.01   9.177304   0.00477144  -3.155247
   3.810690   13495.99   9.177366   0.00477110  -3.168903
   3.858722   13387.65   9.177425   0.00477078  -3.182963
   3.908137   13274.47   9.177482   0.00477046  -3.197769
   3.956621   13163.01   9.177538   0.00477016  -3.212472
   4.002981   13056.74   9.177592   0.00476986  -3.226608
   4.046809   12947.76   9.177646   0.00476956  -3.241223
   4.088884   12840.42   9.177701   0.00476926  -3.255739
   4.133330   12736.16   9.177753   0.00476898  -3.269954
   4.177649   12632.93   9.177804   0.00476870  -3.284143
   4.218786   12528.99   9.177853   0.00476843  -3.298545
   4.261495   12428.28   9.177899   0.00476817  -3.312612
   4.304804   12326.61   9.177945   0.00476792  -3.326926
   4.345438   12223.35   9.177990   0.00476768  -3.341585
   4.390291   12115.59   9.178034   0.00476743  -3.357012
   4.435531   12007.26   9.178076   0.00476720  -3.372656
   4.476370   11903.11   9.178112   0.00476700  -3.387826
   4.519807   11799.51   9.178147   0.00476681  -3.403047
   4.561465   11693.57   9.178180   0.00476663  -3.418747
   4.605484   11589.05   9.178213   0.00476645  -3.434377
   4.647589   11483.10   9.178246   0.00476627  -3.450365
   4.692029   11378.66   9.178279   0.00476609  -3.466270
   4.734472   11273.29   9.178313   0.00476590  -3.482465
   4.779219   11168.36   9.178347   0.00476571  -3.498745
   4.821035   11065.54   9.178383   0.00476552  -3.514847
   4.863529   10961.94   9.178419   0.00476532  -3.531226
   4.906232   10858.62   9.178455   0.00476512  -3.547711
   4.951552   10756.05   9.178489   0.00476494  -3.564234
   4.993993   10655.10   9.178523   0.00476475  -3.580649
   5.037051   10552.80   9.178558   0.00476456  -3.597442
   5.079998   10451.52   9.178592   0.00476437  -3.614230
   5.125599   10349.47   9.178627   0.00476418  -3.631309
   5.170422   10244.09   9.178662   0.00476399  -3.649123
   5.213216   10144.94   9.178694   0.00476381  -3.666052
   5.256520   10045.14   9.178725   0.00476364  -3.683257
   5.299853    9945.91   9.178757   0.00476346  -3.700535
   5.343293    9847.00   9.178791   0.00476328  -3.717931
   5.389374    9747.01   9.178825   0.00476309  -3.735696
   5.432106    9650.63   9.178860   0.00476290  -3.752992
   5.475243    9553.71   9.178895   0.00476271  -3.770563
   5.518285    9457.56   9.178930   0.00476252  -3.788169
   5.564251    9358.84   9.178964   0.00476233  -3.806432
   5.607703    9262.49   9.178997   0.00476215  -3.824442
   5.652001    9164.72   9.179027   0.00476199  -3.842906
   5.696327    9070.81   9.179052   0.00476185  -3.860824
   5.738714    8978.34   9.179076   0.00476171  -3.878648
   5.782702    8882.86   9.179100   0.00476159  -3.897244
   5.825770    8793.04   9.179121   0.00476147  -3.914919
   5.868674    8701.04   9.179142   0.00476135  -3.933213
   5.911070    8613.51   9.179161   0.00476125  -3.950797
   5.953189    8524.38   9.179182   0.00476114  -3.968886
   5.994869    8437.50   9.179202   0.00476102  -3.986703
   6.036551    8350.19   9.179223   0.00476091  -4.004793
   6.077270    8266.00   9.179244   0.00476079  -4.022419
   6.117693    8184.88   9.179265   0.00476068  -4.039571
   6.158538    8101.18   9.179285   0.00476057  -4.057447
   6.197698    8023.40   9.179303   0.00476047  -4.074225
   6.237190    7943.46   9.179322   0.00476037  -4.091639
   6.274854    7868.12   9.179339   0.00476028  -4.108210
   6.312148    7795.42   9.179356   0.00476018  -4.124353
   6.347133    7726.17   9.179373   0.00476009  -4.139871
   6.382746    7656.29   9.179392   0.00475999  -4.155673
   6.417564    7588.46   9.179410   0.00475989  -4.171152
   6.451595    7522.60   9.179429   0.00475978  -4.186313
   6.484667    7460.18   9.179449   0.00475968  -4.200807
